0.000000e+00 1.000000e+00 0.000000e+00 1.000000e+00 2.500000e+00
1.010101e-02 1.000000e+00 0.000000e+00 1.000000e+00 2.500000e+00
2.020202e-02 1.000000e+00 0.000000e+00 1.000000e+00 2.500000e+00
3.030303e-02 1.000000e+00 0.000000e+00 1.000000e+00 2.500000e+00
4.040404e-02 1.000000e+00 0.000000e+00 1.000000e+00 2.500000e+00
5.050505e-02 1.000000e+00 0.000000e+00 1.000000e+00 2.500000e+00
6.060606e-02 9.999997e-01 3.497257e-07 9.999996e-01 2.500000e+00
7.070707e-02 9.999997e-01 3.497257e-07 9.999996e-01 2.500000e+00
8.080808e-02 9.999950e-01 5.860165e-06 9.999931e-01 2.499995e+00
9.090909e-02 9.999950e-01 5.860165e-06 9.999931e-01 2.499995e+00
1.010101e-01 9.999593e-01 4.812878e-05 9.999431e-01 2.499959e+00
1.111111e-01 9.999593e-01 4.812878e-05 9.999431e-01 2.499959e+00
1.212121e-01 9.997816e-01 2.583419e-04 9.996944e-01 2.499782e+00
1.313131e-01 9.997816e-01 2.583419e-04 9.996944e-01 2.499782e+00
1.414141e-01 9.991376e-01 1.020242e-03 9.987934e-01 2.499139e+00
1.515152e-01 9.991376e-01 1.020242e-03 9.987934e-01 2.499139e+00
1.616162e-01 9.973230e-01 3.167347e-03 9.962577e-01 2.497330e+00
1.717172e-01 9.973230e-01 3.167347e-03 9.962577e-01 2.497330e+00
1.818182e-01 9.931752e-01 8.079361e-03 9.904761e-01 2.493206e+00
1.919192e-01 9.931752e-01 8.079361e-03 9.904761e-01 2.493206e+00
2.020202e-01 9.852292e-01 1.751275e-02 9.794486e-01 2.485332e+00
2.121212e-01 9.852292e-01 1.751275e-02 9.794486e-01 2.485332e+00
2.222222e-01 9.721107e-01 3.317087e-02 9.613666e-01 2.472369e+00
2.323232e-01 9.721107e-01 3.317087e-02 9.613666e-01 2.472369e+00
2.424242e-01 9.529641e-01 5.624126e-02 9.352291e-01 2.453474e+00
2.525253e-01 9.529641e-01 5.624126e-02 9.352291e-01 2.453474e+00
2.626263e-01 9.276770e-01 8.715261e-02 9.011407e-01 2.428487e+00
2.727273e-01 9.276770e-01 8.715261e-02 9.011407e-01 2.428487e+00
2.828283e-01 8.968239e-01 1.256192e-01 8.601850e-01 2.397865e+00
2.929293e-01 8.968239e-01 1.256192e-01 8.601850e-01 2.397865e+00
3.030303e-01 8.614310e-01 1.708607e-01 8.140406e-01 2.362466e+00
3.131313e-01 8.614310e-01 1.708607e-01 8.140406e-01 2.362466e+00
3.232323e-01 8.227130e-01 2.218464e-01 7.645743e-01 2.323332e+00
3.333333e-01 8.227130e-01 2.218464e-01 7.645743e-01 2.323332e+00
3.434343e-01 7.818777e-01 2.774760e-01 7.135504e-01 2.281528e+00
3.535354e-01 7.818777e-01 2.774760e-01 7.135504e-01 2.281528e+00
3.636364e-01 7.400187e-01 3.366750e-01 6.624836e-01 2.238064e+00
3.737374e-01 7.400187e-01 3.366750e-01 6.624836e-01 2.238064e+00
3.838384e-01 6.980802e-01 3.984202e-01 6.126000e-01 2.193874e+00
3.939394e-01 6.980802e-01 3.984202e-01 6.126000e-01 2.193874e+00
4.040404e-01 6.568629e-01 4.617197e-01 5.648609e-01 2.149843e+00
4.141414e-01 6.568629e-01 4.617197e-01 5.648609e-01 2.149843e+00
4.242424e-01 6.170503e-01 5.255647e-01 5.200134e-01 2.106852e+00
4.343434e-01 6.170503e-01 5.255647e-01 5.200134e-01 2.106852e+00
4.444444e-01 5.792365e-01 5.888680e-01 4.786450e-01 2.065844e+00
4.545455e-01 5.792365e-01 5.888680e-01 4.786450e-01 2.065844e+00
4.646465e-01 5.439453e-01 6.504014e-01 4.412318e-01 2.027924e+00
4.747475e-01 5.439453e-01 6.504014e-01 4.412318e-01 2.027924e+00
4.848485e-01 5.116279e-01 7.087530e-01 4.081699e-01 1.994467e+00
4.949495e-01 5.116279e-01 7.087530e-01 4.081699e-01 1.994467e+00
5.050505e-01 4.826276e-01 7.623378e-01 3.797818e-01 1.967261e+00
5.151515e-01 4.826276e-01 7.623378e-01 3.797818e-01 1.967261e+00
5.252525e-01 4.571007e-01 8.095092e-01 3.562914e-01 1.948648e+00
5.353535e-01 4.571007e-01 8.095092e-01 3.562914e-01 1.948648e+00
5.454545e-01 4.349009e-01 8.488092e-01 3.377644e-01 1.941617e+00
5.555556e-01 4.349009e-01 8.488092e-01 3.377644e-01 1.941617e+00
5.656566e-01 4.154687e-01 8.793338e-01 3.240270e-01 1.949767e+00
5.757576e-01 4.154687e-01 8.793338e-01 3.240270e-01 1.949767e+00
5.858586e-01 3.978191e-01 9.010781e-01 3.146045e-01 1.977058e+00
5.959596e-01 3.978191e-01 9.010781e-01 3.146045e-01 1.977058e+00
6.060606e-01 3.807305e-01 9.150432e-01 3.087322e-01 2.027236e+00
6.161616e-01 3.807305e-01 9.150432e-01 3.087322e-01 2.027236e+00
6.262626e-01 3.631551e-01 9.229767e-01 3.054681e-01 2.102876e+00
6.363636e-01 3.631551e-01 9.229767e-01 3.054681e-01 2.102876e+00
6.464646e-01 3.446917e-01 9.268504e-01 3.038759e-01 2.203969e+00
6.565657e-01 3.446917e-01 9.268504e-01 3.038759e-01 2.203969e+00
6.666667e-01 3.258459e-01 9.283482e-01 3.031896e-01 2.326174e+00
6.767677e-01 3.258459e-01 9.283482e-01 3.031896e-01 2.326174e+00
6.868687e-01 3.078677e-01 9.285676e-01 3.028787e-01 2.459488e+00
6.969697e-01 3.078677e-01 9.285676e-01 3.028787e-01 2.459488e+00
7.070707e-01 2.921941e-01 9.278741e-01 3.025720e-01 2.588793e+00
7.171717e-01 2.921941e-01 9.278741e-01 3.025720e-01 2.588793e+00
7.272727e-01 2.796923e-01 9.254004e-01 3.017592e-01 2.697243e+00
7.373737e-01 2.796923e-01 9.254004e-01 3.017592e-01 2.697243e+00
7.474747e-01 2.696927e-01 9.164256e-01 2.987980e-01 2.769800e+00
7.575758e-01 2.696927e-01 9.164256e-01 2.987980e-01 2.769800e+00
7.676768e-01 2.579855e-01 8.822513e-01 2.876913e-01 2.787862e+00
7.777778e-01 2.579855e-01 8.822513e-01 2.876913e-01 2.787862e+00
7.878788e-01 2.338190e-01 7.681195e-01 2.531825e-01 2.707036e+00
7.979798e-01 2.338190e-01 7.681195e-01 2.531825e-01 2.707036e+00
8.080808e-01 1.898766e-01 5.074861e-01 1.875891e-01 2.469882e+00
8.181818e-01 1.898766e-01 5.074861e-01 1.875891e-01 2.469882e+00
8.282828e-01 1.483985e-01 1.994422e-01 1.291773e-01 2.176189e+00
8.383838e-01 1.483985e-01 1.994422e-01 1.291773e-01 2.176189e+00
8.484848e-01 1.301881e-01 4.466290e-02 1.060341e-01 2.036171e+00
8.585859e-01 1.301881e-01 4.466290e-02 1.060341e-01 2.036171e+00
8.686869e-01 1.258197e-01 6.981062e-03 1.009263e-01 2.005376e+00
8.787879e-01 1.258197e-01 6.981062e-03 1.009263e-01 2.005376e+00
8.888889e-01 1.250976e-01 8.270901e-04 1.001095e-01 2.000627e+00
8.989899e-01 1.250976e-01 8.270901e-04 1.001095e-01 2.000627e+00
9.090909e-01 1.250080e-01 6.779034e-05 1.000090e-01 2.000051e+00
9.191919e-01 1.250080e-01 6.779034e-05 1.000090e-01 2.000051e+00
9.292929e-01 1.250003e-01 2.864776e-06 1.000004e-01 2.000002e+00
9.393939e-01 1.250003e-01 2.864776e-06 1.000004e-01 2.000002e+00
9.494949e-01 1.250000e-01 0.000000e+00 1.000000e-01 2.000000e+00
9.595960e-01 1.250000e-01 0.000000e+00 1.000000e-01 2.000000e+00
9.696970e-01 1.250000e-01 0.000000e+00 1.000000e-01 2.000000e+00
9.797980e-01 1.250000e-01 0.000000e+00 1.000000e-01 2.000000e+00
9.898990e-01 1.250000e-01 0.000000e+00 1.000000e-01 2.000000e+00
1.000000e+00 1.250000e-01 0.000000e+00 1.000000e-01 2.000000e+00
