0.000000e+00 1.000000e+00 0.000000e+00 1.000000e+00 2.500000e+00
1.010101e-02 1.000000e+00 0.000000e+00 1.000000e+00 2.500000e+00
2.020202e-02 1.000000e+00 0.000000e+00 1.000000e+00 2.500000e+00
3.030303e-02 1.000000e+00 0.000000e+00 1.000000e+00 2.500000e+00
4.040404e-02 1.000000e+00 0.000000e+00 1.000000e+00 2.500000e+00
5.050505e-02 1.000000e+00 0.000000e+00 1.000000e+00 2.500000e+00
6.060606e-02 1.000000e+00 0.000000e+00 1.000000e+00 2.500000e+00
7.070707e-02 1.000000e+00 0.000000e+00 1.000000e+00 2.500000e+00
8.080808e-02 1.000000e+00 0.000000e+00 1.000000e+00 2.500000e+00
9.090909e-02 1.000000e+00 0.000000e+00 1.000000e+00 2.500000e+00
1.010101e-01 1.000000e+00 0.000000e+00 1.000000e+00 2.500000e+00
1.111111e-01 1.000000e+00 0.000000e+00 1.000000e+00 2.500000e+00
1.212121e-01 1.000000e+00 0.000000e+00 1.000000e+00 2.500000e+00
1.313131e-01 1.000000e+00 0.000000e+00 1.000000e+00 2.500000e+00
1.414141e-01 1.000000e+00 0.000000e+00 1.000000e+00 2.500000e+00
1.515152e-01 1.000000e+00 0.000000e+00 1.000000e+00 2.500000e+00
1.616162e-01 1.000000e+00 0.000000e+00 1.000000e+00 2.500000e+00
1.717172e-01 1.000000e+00 0.000000e+00 1.000000e+00 2.500000e+00
1.818182e-01 1.000000e+00 0.000000e+00 1.000000e+00 2.500000e+00
1.919192e-01 1.000000e+00 0.000000e+00 1.000000e+00 2.500000e+00
2.020202e-01 1.000000e+00 0.000000e+00 1.000000e+00 2.500000e+00
2.121212e-01 1.000000e+00 0.000000e+00 1.000000e+00 2.500000e+00
2.222222e-01 1.000000e+00 0.000000e+00 1.000000e+00 2.500000e+00
2.323232e-01 1.000000e+00 0.000000e+00 1.000000e+00 2.500000e+00
2.424242e-01 1.000000e+00 0.000000e+00 1.000000e+00 2.500000e+00
2.525253e-01 1.000000e+00 0.000000e+00 1.000000e+00 2.500000e+00
2.626263e-01 1.000000e+00 0.000000e+00 1.000000e+00 2.500000e+00
2.727273e-01 1.000000e+00 0.000000e+00 1.000000e+00 2.500000e+00
2.828283e-01 1.000000e+00 0.000000e+00 1.000000e+00 2.500000e+00
2.929293e-01 9.994630e-01 6.348514e-04 9.992490e-01 2.499465e+00
3.030303e-01 9.994630e-01 6.348514e-04 9.992490e-01 2.499465e+00
3.131313e-01 9.957334e-01 5.037522e-03 9.940521e-01 2.495779e+00
3.232323e-01 9.957334e-01 5.037522e-03 9.940521e-01 2.495779e+00
3.333333e-01 9.833501e-01 1.965452e-02 9.769464e-01 2.483720e+00
3.434343e-01 9.833501e-01 1.965452e-02 9.769464e-01 2.483720e+00
3.535354e-01 9.566478e-01 5.135714e-02 9.406510e-01 2.458195e+00
3.636364e-01 9.566478e-01 5.135714e-02 9.406510e-01 2.458195e+00
3.737374e-01 9.134311e-01 1.035252e-01 8.833245e-01 2.417600e+00
3.838384e-01 9.134311e-01 1.035252e-01 8.833245e-01 2.417600e+00
3.939394e-01 8.558353e-01 1.751650e-01 8.093525e-01 2.364218e+00
4.040404e-01 8.558353e-01 1.751650e-01 8.093525e-01 2.364218e+00
4.141414e-01 7.885169e-01 2.625956e-01 7.262008e-01 2.302426e+00
4.242424e-01 7.885169e-01 2.625956e-01 7.262008e-01 2.302426e+00
4.343434e-01 7.166084e-01 3.612143e-01 6.412406e-01 2.237068e+00
4.444444e-01 7.166084e-01 3.612143e-01 6.412406e-01 2.237068e+00
4.545455e-01 6.446453e-01 4.662400e-01 5.603031e-01 2.172912e+00
4.646465e-01 6.446453e-01 4.662400e-01 5.603031e-01 2.172912e+00
4.747475e-01 5.762739e-01 5.726008e-01 4.875483e-01 2.115089e+00
4.848485e-01 5.762739e-01 5.726008e-01 4.875483e-01 2.115089e+00
4.949495e-01 5.142116e-01 6.744467e-01 4.258222e-01 2.070268e+00
5.050505e-01 5.142116e-01 6.744467e-01 4.258222e-01 2.070268e+00
5.151515e-01 4.600817e-01 7.648945e-01 3.769587e-01 2.048325e+00
5.252525e-01 4.600817e-01 7.648945e-01 3.769587e-01 2.048325e+00
5.353535e-01 4.140398e-01 8.368678e-01 3.417371e-01 2.063431e+00
5.454545e-01 4.140398e-01 8.368678e-01 3.417371e-01 2.063431e+00
5.555556e-01 3.746344e-01 8.856013e-01 3.194457e-01 2.131716e+00
5.656566e-01 3.746344e-01 8.856013e-01 3.194457e-01 2.131716e+00
5.757576e-01 3.397413e-01 9.112227e-01 3.073989e-01 2.262007e+00
5.858586e-01 3.397413e-01 9.112227e-01 3.073989e-01 2.262007e+00
5.959596e-01 3.082159e-01 9.168122e-01 3.007901e-01 2.439768e+00
6.060606e-01 3.082159e-01 9.168122e-01 3.007901e-01 2.439768e+00
6.161616e-01 2.787086e-01 8.943946e-01 2.909098e-01 2.609443e+00
6.262626e-01 2.787086e-01 8.943946e-01 2.909098e-01 2.609443e+00
6.363636e-01 2.415939e-01 7.838730e-01 2.566443e-01 2.655741e+00
6.464646e-01 2.415939e-01 7.838730e-01 2.566443e-01 2.655741e+00
6.565657e-01 1.850515e-01 4.760287e-01 1.803163e-01 2.436029e+00
6.666667e-01 1.850515e-01 4.760287e-01 1.803163e-01 2.436029e+00
6.767677e-01 1.394457e-01 1.263112e-01 1.177481e-01 2.111002e+00
6.868687e-01 1.394457e-01 1.263112e-01 1.177481e-01 2.111002e+00
6.969697e-01 1.262704e-01 1.093295e-02 1.014526e-01 2.008637e+00
7.070707e-01 1.262704e-01 1.093295e-02 1.014526e-01 2.008637e+00
7.171717e-01 1.250000e-01 0.000000e+00 1.000000e-01 2.000000e+00
7.272727e-01 1.250000e-01 0.000000e+00 1.000000e-01 2.000000e+00
7.373737e-01 1.250000e-01 0.000000e+00 1.000000e-01 2.000000e+00
7.474747e-01 1.250000e-01 0.000000e+00 1.000000e-01 2.000000e+00
7.575758e-01 1.250000e-01 0.000000e+00 1.000000e-01 2.000000e+00
7.676768e-01 1.250000e-01 0.000000e+00 1.000000e-01 2.000000e+00
7.777778e-01 1.250000e-01 0.000000e+00 1.000000e-01 2.000000e+00
7.878788e-01 1.250000e-01 0.000000e+00 1.000000e-01 2.000000e+00
7.979798e-01 1.250000e-01 0.000000e+00 1.000000e-01 2.000000e+00
8.080808e-01 1.250000e-01 0.000000e+00 1.000000e-01 2.000000e+00
8.181818e-01 1.250000e-01 0.000000e+00 1.000000e-01 2.000000e+00
8.282828e-01 1.250000e-01 0.000000e+00 1.000000e-01 2.000000e+00
8.383838e-01 1.250000e-01 0.000000e+00 1.000000e-01 2.000000e+00
8.484848e-01 1.250000e-01 0.000000e+00 1.000000e-01 2.000000e+00
8.585859e-01 1.250000e-01 0.000000e+00 1.000000e-01 2.000000e+00
8.686869e-01 1.250000e-01 0.000000e+00 1.000000e-01 2.000000e+00
8.787879e-01 1.250000e-01 0.000000e+00 1.000000e-01 2.000000e+00
8.888889e-01 1.250000e-01 0.000000e+00 1.000000e-01 2.000000e+00
8.989899e-01 1.250000e-01 0.000000e+00 1.000000e-01 2.000000e+00
9.090909e-01 1.250000e-01 0.000000e+00 1.000000e-01 2.000000e+00
9.191919e-01 1.250000e-01 0.000000e+00 1.000000e-01 2.000000e+00
9.292929e-01 1.250000e-01 0.000000e+00 1.000000e-01 2.000000e+00
9.393939e-01 1.250000e-01 0.000000e+00 1.000000e-01 2.000000e+00
9.494949e-01 1.250000e-01 0.000000e+00 1.000000e-01 2.000000e+00
9.595960e-01 1.250000e-01 0.000000e+00 1.000000e-01 2.000000e+00
9.696970e-01 1.250000e-01 0.000000e+00 1.000000e-01 2.000000e+00
9.797980e-01 1.250000e-01 0.000000e+00 1.000000e-01 2.000000e+00
9.898990e-01 1.250000e-01 0.000000e+00 1.000000e-01 2.000000e+00
1.000000e+00 1.250000e-01 0.000000e+00 1.000000e-01 2.000000e+00
