0.000000e+00 1.000000e+00 0.000000e+00 1.000000e+00 2.500000e+00
1.010101e-02 1.000000e+00 0.000000e+00 1.000000e+00 2.500000e+00
2.020202e-02 9.999999e-01 9.336690e-08 9.999999e-01 2.500000e+00
3.030303e-02 9.999999e-01 9.336690e-08 9.999999e-01 2.500000e+00
4.040404e-02 9.999986e-01 1.710584e-06 9.999980e-01 2.499999e+00
5.050505e-02 9.999986e-01 1.710584e-06 9.999980e-01 2.499999e+00
6.060606e-02 9.999870e-01 1.538220e-05 9.999818e-01 2.499987e+00
7.070707e-02 9.999870e-01 1.538220e-05 9.999818e-01 2.499987e+00
8.080808e-02 9.999235e-01 9.051795e-05 9.998929e-01 2.499924e+00
9.090909e-02 9.999235e-01 9.051795e-05 9.998929e-01 2.499924e+00
1.010101e-01 9.996685e-01 3.922206e-04 9.995360e-01 2.499669e+00
1.111111e-01 9.996685e-01 3.922206e-04 9.995360e-01 2.499669e+00
1.212121e-01 9.988709e-01 1.335853e-03 9.984203e-01 2.498872e+00
1.313131e-01 9.988709e-01 1.335853e-03 9.984203e-01 2.498872e+00
1.414141e-01 9.968464e-01 3.731797e-03 9.955920e-01 2.496854e+00
1.515152e-01 9.968464e-01 3.731797e-03 9.955920e-01 2.496854e+00
1.616162e-01 9.925482e-01 8.824062e-03 9.896021e-01 2.492580e+00
1.717172e-01 9.925482e-01 8.824062e-03 9.896021e-01 2.492580e+00
1.818182e-01 9.847234e-01 1.811964e-02 9.787434e-01 2.484818e+00
1.919192e-01 9.847234e-01 1.811964e-02 9.787434e-01 2.484818e+00
2.020202e-01 9.722315e-01 3.304027e-02 9.615186e-01 2.472453e+00
2.121212e-01 9.722315e-01 3.304027e-02 9.615186e-01 2.472453e+00
2.222222e-01 9.543692e-01 5.457099e-02 9.371068e-01 2.454781e+00
2.323232e-01 9.543692e-01 5.457099e-02 9.371068e-01 2.454781e+00
2.424242e-01 9.310360e-01 8.307979e-02 9.055823e-01 2.431652e+00
2.525253e-01 9.310360e-01 8.307979e-02 9.055823e-01 2.431652e+00
2.626263e-01 9.026914e-01 1.183513e-01 8.678189e-01 2.403421e+00
2.727273e-01 9.026914e-01 1.183513e-01 8.678189e-01 2.403421e+00
2.828283e-01 8.701751e-01 1.597544e-01 8.251980e-01 2.370781e+00
2.929293e-01 8.701751e-01 1.597544e-01 8.251980e-01 2.370781e+00
3.030303e-01 8.345016e-01 2.064357e-01 7.792888e-01 2.334594e+00
3.131313e-01 8.345016e-01 2.064357e-01 7.792888e-01 2.334594e+00
3.232323e-01 7.966983e-01 2.574694e-01 7.316085e-01 2.295751e+00
3.333333e-01 7.966983e-01 2.574694e-01 7.316085e-01 2.295751e+00
3.434343e-01 7.577115e-01 3.119444e-01 6.834889e-01 2.255109e+00
3.535354e-01 7.577115e-01 3.119444e-01 6.834889e-01 2.255109e+00
3.636364e-01 7.183674e-01 3.689969e-01 6.360307e-01 2.213459e+00
3.737374e-01 7.183674e-01 3.689969e-01 6.360307e-01 2.213459e+00
3.838384e-01 6.793713e-01 4.278043e-01 5.901112e-01 2.171534e+00
3.939394e-01 6.793713e-01 4.278043e-01 5.901112e-01 2.171534e+00
4.040404e-01 6.413245e-01 4.875560e-01 5.464188e-01 2.130040e+00
4.141414e-01 6.413245e-01 4.875560e-01 5.464188e-01 2.130040e+00
4.242424e-01 6.047483e-01 5.474102e-01 5.054961e-01 2.089696e+00
4.343434e-01 6.047483e-01 5.474102e-01 5.054961e-01 2.089696e+00
4.444444e-01 5.701052e-01 6.064453e-01 4.677801e-01 2.051289e+00
4.545455e-01 5.701052e-01 6.064453e-01 4.677801e-01 2.051289e+00
4.646465e-01 5.378115e-01 6.636141e-01 4.336355e-01 2.015741e+00
4.747475e-01 5.378115e-01 6.636141e-01 4.336355e-01 2.015741e+00
4.848485e-01 5.082323e-01 7.177171e-01 4.033736e-01 1.984199e+00
4.949495e-01 5.082323e-01 7.177171e-01 4.033736e-01 1.984199e+00
5.050505e-01 4.816505e-01 7.674199e-01 3.772534e-01 1.958128e+00
5.151515e-01 4.816505e-01 7.674199e-01 3.772534e-01 1.958128e+00
5.252525e-01 4.582033e-01 8.113471e-01 3.554580e-01 1.939412e+00
5.353535e-01 4.582033e-01 8.113471e-01 3.554580e-01 1.939412e+00
5.454545e-01 4.377871e-01 8.482808e-01 3.380457e-01 1.930423e+00
5.555556e-01 4.377871e-01 8.482808e-01 3.380457e-01 1.930423e+00
5.656566e-01 4.199618e-01 8.774416e-01 3.248857e-01 1.934019e+00
5.757576e-01 4.199618e-01 8.774416e-01 3.248857e-01 1.934019e+00
5.858586e-01 4.039149e-01 8.987602e-01 3.156065e-01 1.953422e+00
5.959596e-01 4.039149e-01 8.987602e-01 3.156065e-01 1.953422e+00
6.060606e-01 3.885677e-01 9.129843e-01 3.095965e-01 1.991909e+00
6.161616e-01 3.885677e-01 9.129843e-01 3.095965e-01 1.991909e+00
6.262626e-01 3.728589e-01 9.215161e-01 3.060798e-01 2.052249e+00
6.363636e-01 3.728589e-01 9.215161e-01 3.060798e-01 2.052249e+00
6.464646e-01 3.561332e-01 9.260318e-01 3.042525e-01 2.135805e+00
6.565657e-01 3.561332e-01 9.260318e-01 3.042525e-01 2.135805e+00
6.666667e-01 3.384520e-01 9.280675e-01 3.034215e-01 2.241245e+00
6.767677e-01 3.384520e-01 9.280675e-01 3.034215e-01 2.241245e+00
6.868687e-01 3.206370e-01 9.287526e-01 3.030841e-01 2.363140e+00
6.969697e-01 3.206370e-01 9.287526e-01 3.030841e-01 2.363140e+00
7.070707e-01 3.039843e-01 9.287309e-01 3.029234e-01 2.491275e+00
7.171717e-01 3.039843e-01 9.287309e-01 3.029234e-01 2.491275e+00
7.272727e-01 2.897558e-01 9.281475e-01 3.027215e-01 2.611868e+00
7.373737e-01 2.897558e-01 9.281475e-01 3.027215e-01 2.611868e+00
7.474747e-01 2.786221e-01 9.263324e-01 3.021440e-01 2.711056e+00
7.575758e-01 2.786221e-01 9.263324e-01 3.021440e-01 2.711056e+00
7.676768e-01 2.700373e-01 9.200066e-01 3.000638e-01 2.777985e+00
7.777778e-01 2.700373e-01 9.200066e-01 3.000638e-01 2.777985e+00
7.878788e-01 2.608719e-01 8.961609e-01 2.922527e-01 2.800730e+00
7.979798e-01 2.608719e-01 8.961609e-01 2.922527e-01 2.800730e+00
8.080808e-01 2.424615e-01 8.132126e-01 2.664283e-01 2.747120e+00
8.181818e-01 2.424615e-01 8.132126e-01 2.664283e-01 2.747120e+00
8.282828e-01 2.042359e-01 5.991758e-01 2.087951e-01 2.555808e+00
8.383838e-01 2.042359e-01 5.991758e-01 2.087951e-01 2.555808e+00
8.484848e-01 1.590797e-01 2.848122e-01 1.436024e-01 2.256769e+00
8.585859e-01 1.590797e-01 2.848122e-01 1.436024e-01 2.256769e+00
8.686869e-01 1.339372e-01 7.702527e-02 1.105773e-01 2.063977e+00
8.787879e-01 1.339372e-01 7.702527e-02 1.105773e-01 2.063977e+00
8.888889e-01 1.266420e-01 1.402218e-02 1.018668e-01 2.010920e+00
8.989899e-01 1.266420e-01 1.402218e-02 1.018668e-01 2.010920e+00
9.090909e-01 1.252362e-01 2.004139e-03 1.002653e-01 2.001525e+00
9.191919e-01 1.252362e-01 2.004139e-03 1.002653e-01 2.001525e+00
9.292929e-01 1.250263e-01 2.224754e-04 1.000294e-01 2.000168e+00
9.393939e-01 1.250263e-01 2.224754e-04 1.000294e-01 2.000168e+00
9.494949e-01 1.250020e-01 1.705658e-05 1.000023e-01 2.000013e+00
9.595960e-01 1.250020e-01 1.705658e-05 1.000023e-01 2.000013e+00
9.696970e-01 1.250001e-01 6.711386e-07 1.000001e-01 2.000001e+00
9.797980e-01 1.250001e-01 6.711386e-07 1.000001e-01 2.000001e+00
9.898990e-01 1.250000e-01 0.000000e+00 1.000000e-01 2.000000e+00
1.000000e+00 1.250000e-01 0.000000e+00 1.000000e-01 2.000000e+00
