0.000000e+00 1.000000e+00 0.000000e+00 1.000000e+00 2.500000e+00
1.010101e-02 1.000000e+00 0.000000e+00 1.000000e+00 2.500000e+00
2.020202e-02 1.000000e+00 0.000000e+00 1.000000e+00 2.500000e+00
3.030303e-02 1.000000e+00 0.000000e+00 1.000000e+00 2.500000e+00
4.040404e-02 1.000000e+00 0.000000e+00 1.000000e+00 2.500000e+00
5.050505e-02 1.000000e+00 0.000000e+00 1.000000e+00 2.500000e+00
6.060606e-02 1.000000e+00 0.000000e+00 1.000000e+00 2.500000e+00
7.070707e-02 1.000000e+00 0.000000e+00 1.000000e+00 2.500000e+00
8.080808e-02 1.000000e+00 0.000000e+00 1.000000e+00 2.500000e+00
9.090909e-02 1.000000e+00 0.000000e+00 1.000000e+00 2.500000e+00
1.010101e-01 1.000000e+00 0.000000e+00 1.000000e+00 2.500000e+00
1.111111e-01 1.000000e+00 0.000000e+00 1.000000e+00 2.500000e+00
1.212121e-01 1.000000e+00 0.000000e+00 1.000000e+00 2.500000e+00
1.313131e-01 9.999970e-01 3.498988e-06 9.999959e-01 2.499997e+00
1.414141e-01 9.999970e-01 3.498988e-06 9.999959e-01 2.499997e+00
1.515152e-01 9.999585e-01 4.909095e-05 9.999419e-01 2.499959e+00
1.616162e-01 9.999585e-01 4.909095e-05 9.999419e-01 2.499959e+00
1.717172e-01 9.997155e-01 3.366324e-04 9.996017e-01 2.499716e+00
1.818182e-01 9.997155e-01 3.366324e-04 9.996017e-01 2.499716e+00
1.919192e-01 9.987269e-01 1.505915e-03 9.982194e-01 2.498729e+00
2.020202e-01 9.987269e-01 1.505915e-03 9.982194e-01 2.498729e+00
2.121212e-01 9.958088e-01 4.958248e-03 9.941464e-01 2.495827e+00
2.222222e-01 9.958088e-01 4.958248e-03 9.941464e-01 2.495827e+00
2.323232e-01 9.891154e-01 1.288780e-02 9.848415e-01 2.489198e+00
2.424242e-01 9.891154e-01 1.288780e-02 9.848415e-01 2.489198e+00
2.525253e-01 9.765959e-01 2.778009e-02 9.675567e-01 2.476860e+00
2.626263e-01 9.765959e-01 2.778009e-02 9.675567e-01 2.476860e+00
2.727273e-01 9.567341e-01 5.160948e-02 9.404178e-01 2.457365e+00
2.828283e-01 9.567341e-01 5.160948e-02 9.404178e-01 2.457365e+00
2.929293e-01 9.290800e-01 8.527054e-02 9.031615e-01 2.430258e+00
3.030303e-01 9.290800e-01 8.527054e-02 9.031615e-01 2.430258e+00
3.131313e-01 8.942816e-01 1.285286e-01 8.571064e-01 2.396075e+00
3.232323e-01 8.942816e-01 1.285286e-01 8.571064e-01 2.396075e+00
3.333333e-01 8.537331e-01 1.803458e-01 8.045624e-01 2.356013e+00
3.434343e-01 8.537331e-01 1.803458e-01 8.045624e-01 2.356013e+00
3.535354e-01 8.091369e-01 2.392840e-01 7.481461e-01 2.311556e+00
3.636364e-01 8.091369e-01 2.392840e-01 7.481461e-01 2.311556e+00
3.737374e-01 7.621800e-01 3.037966e-01 6.902982e-01 2.264223e+00
3.838384e-01 7.621800e-01 3.037966e-01 6.902982e-01 2.264223e+00
3.939394e-01 7.143687e-01 3.723669e-01 6.330602e-01 2.215453e+00
4.040404e-01 7.143687e-01 3.723669e-01 6.330602e-01 2.215453e+00
4.141414e-01 6.669854e-01 4.435251e-01 5.780362e-01 2.166600e+00
4.242424e-01 6.669854e-01 4.435251e-01 5.780362e-01 2.166600e+00
4.343434e-01 6.211081e-01 5.157889e-01 5.264514e-01 2.119001e+00
4.444444e-01 6.211081e-01 5.157889e-01 5.264514e-01 2.119001e+00
4.545455e-01 5.776492e-01 5.875653e-01 4.792412e-01 2.074101e+00
4.646465e-01 5.776492e-01 5.875653e-01 4.792412e-01 2.074101e+00
4.747475e-01 5.373811e-01 6.570453e-01 4.371346e-01 2.033634e+00
4.848485e-01 5.373811e-01 6.570453e-01 4.371346e-01 2.033634e+00
4.949495e-01 5.009211e-01 7.221392e-01 4.007080e-01 1.999856e+00
5.050505e-01 5.009211e-01 7.221392e-01 4.007080e-01 1.999856e+00
5.151515e-01 4.686527e-01 7.805294e-01 3.703902e-01 1.975824e+00
5.252525e-01 4.686527e-01 7.805294e-01 3.703902e-01 1.975824e+00
5.353535e-01 4.405788e-01 8.299366e-01 3.464054e-01 1.965626e+00
5.454545e-01 4.405788e-01 8.299366e-01 3.464054e-01 1.965626e+00
5.555556e-01 4.161557e-01 8.686439e-01 3.286602e-01 1.974383e+00
5.656566e-01 4.161557e-01 8.686439e-01 3.286602e-01 1.974383e+00
5.757576e-01 3.942515e-01 8.961242e-01 3.166254e-01 2.007763e+00
5.858586e-01 3.942515e-01 8.961242e-01 3.166254e-01 2.007763e+00
5.959596e-01 3.734186e-01 9.133901e-01 3.093098e-01 2.070798e+00
6.060606e-01 3.734186e-01 9.133901e-01 3.093098e-01 2.070798e+00
6.161616e-01 3.525169e-01 9.227117e-01 3.054089e-01 2.165917e+00
6.262626e-01 3.525169e-01 9.227117e-01 3.054089e-01 2.165917e+00
6.363636e-01 3.313848e-01 9.267777e-01 3.035918e-01 2.290327e+00
6.464646e-01 3.313848e-01 9.267777e-01 3.035918e-01 2.290327e+00
6.565657e-01 3.110328e-01 9.277524e-01 3.027535e-01 2.433453e+00
6.666667e-01 3.110328e-01 9.277524e-01 3.027535e-01 2.433453e+00
6.767677e-01 2.930479e-01 9.264361e-01 3.019961e-01 2.576337e+00
6.868687e-01 2.930479e-01 9.264361e-01 3.019961e-01 2.576337e+00
6.969697e-01 2.782713e-01 9.204498e-01 2.999503e-01 2.694765e+00
7.070707e-01 2.782713e-01 9.204498e-01 2.999503e-01 2.694765e+00
7.171717e-01 2.645131e-01 8.967581e-01 2.921683e-01 2.761378e+00
7.272727e-01 2.645131e-01 8.967581e-01 2.921683e-01 2.761378e+00
7.373737e-01 2.426044e-01 8.095226e-01 2.650757e-01 2.731563e+00
7.474747e-01 2.426044e-01 8.095226e-01 2.650757e-01 2.731563e+00
7.575758e-01 2.006767e-01 5.775656e-01 2.034981e-01 2.535149e+00
7.676768e-01 2.006767e-01 5.775656e-01 2.034981e-01 2.535149e+00
7.777778e-01 1.543865e-01 2.486963e-01 1.373240e-01 2.223705e+00
7.878788e-01 1.543865e-01 2.486963e-01 1.373240e-01 2.223705e+00
7.979798e-01 1.315109e-01 5.625526e-02 1.076424e-01 2.046264e+00
8.080808e-01 1.315109e-01 5.625526e-02 1.076424e-01 2.046264e+00
8.181818e-01 1.259284e-01 7.918968e-03 1.010512e-01 2.006124e+00
8.282828e-01 1.259284e-01 7.918968e-03 1.010512e-01 2.006124e+00
8.383838e-01 1.250876e-01 7.423546e-04 1.000982e-01 2.000563e+00
8.484848e-01 1.250876e-01 7.423546e-04 1.000982e-01 2.000563e+00
8.585859e-01 1.250043e-01 3.604563e-05 1.000048e-01 2.000027e+00
8.686869e-01 1.250043e-01 3.604563e-05 1.000048e-01 2.000027e+00
8.787879e-01 1.250000e-01 0.000000e+00 1.000000e-01 2.000000e+00
8.888889e-01 1.250000e-01 0.000000e+00 1.000000e-01 2.000000e+00
8.989899e-01 1.250000e-01 0.000000e+00 1.000000e-01 2.000000e+00
9.090909e-01 1.250000e-01 0.000000e+00 1.000000e-01 2.000000e+00
9.191919e-01 1.250000e-01 0.000000e+00 1.000000e-01 2.000000e+00
9.292929e-01 1.250000e-01 0.000000e+00 1.000000e-01 2.000000e+00
9.393939e-01 1.250000e-01 0.000000e+00 1.000000e-01 2.000000e+00
9.494949e-01 1.250000e-01 0.000000e+00 1.000000e-01 2.000000e+00
9.595960e-01 1.250000e-01 0.000000e+00 1.000000e-01 2.000000e+00
9.696970e-01 1.250000e-01 0.000000e+00 1.000000e-01 2.000000e+00
9.797980e-01 1.250000e-01 0.000000e+00 1.000000e-01 2.000000e+00
9.898990e-01 1.250000e-01 0.000000e+00 1.000000e-01 2.000000e+00
1.000000e+00 1.250000e-01 0.000000e+00 1.000000e-01 2.000000e+00
