0.000000e+00 1.000000e+00 0.000000e+00 1.000000e+00 2.500000e+00
1.010101e-02 1.000000e+00 0.000000e+00 1.000000e+00 2.500000e+00
2.020202e-02 1.000000e+00 0.000000e+00 1.000000e+00 2.500000e+00
3.030303e-02 1.000000e+00 0.000000e+00 1.000000e+00 2.500000e+00
4.040404e-02 1.000000e+00 0.000000e+00 1.000000e+00 2.500000e+00
5.050505e-02 1.000000e+00 0.000000e+00 1.000000e+00 2.500000e+00
6.060606e-02 1.000000e+00 0.000000e+00 1.000000e+00 2.500000e+00
7.070707e-02 1.000000e+00 0.000000e+00 1.000000e+00 2.500000e+00
8.080808e-02 1.000000e+00 0.000000e+00 1.000000e+00 2.500000e+00
9.090909e-02 1.000000e+00 0.000000e+00 1.000000e+00 2.500000e+00
1.010101e-01 1.000000e+00 0.000000e+00 1.000000e+00 2.500000e+00
1.111111e-01 1.000000e+00 0.000000e+00 1.000000e+00 2.500000e+00
1.212121e-01 1.000000e+00 0.000000e+00 1.000000e+00 2.500000e+00
1.313131e-01 1.000000e+00 0.000000e+00 1.000000e+00 2.500000e+00
1.414141e-01 1.000000e+00 0.000000e+00 1.000000e+00 2.500000e+00
1.515152e-01 1.000000e+00 0.000000e+00 1.000000e+00 2.500000e+00
1.616162e-01 1.000000e+00 0.000000e+00 1.000000e+00 2.500000e+00
1.717172e-01 1.000000e+00 0.000000e+00 1.000000e+00 2.500000e+00
1.818182e-01 1.000000e+00 0.000000e+00 1.000000e+00 2.500000e+00
1.919192e-01 1.000000e+00 0.000000e+00 1.000000e+00 2.500000e+00
2.020202e-01 1.000000e+00 0.000000e+00 1.000000e+00 2.500000e+00
2.121212e-01 1.000000e+00 0.000000e+00 1.000000e+00 2.500000e+00
2.222222e-01 1.000000e+00 0.000000e+00 1.000000e+00 2.500000e+00
2.323232e-01 1.000000e+00 0.000000e+00 1.000000e+00 2.500000e+00
2.424242e-01 1.000000e+00 0.000000e+00 1.000000e+00 2.500000e+00
2.525253e-01 1.000000e+00 0.000000e+00 1.000000e+00 2.500000e+00
2.626263e-01 1.000000e+00 0.000000e+00 1.000000e+00 2.500000e+00
2.727273e-01 1.000000e+00 0.000000e+00 1.000000e+00 2.500000e+00
2.828283e-01 1.000000e+00 0.000000e+00 1.000000e+00 2.500000e+00
2.929293e-01 1.000000e+00 0.000000e+00 1.000000e+00 2.500000e+00
3.030303e-01 1.000000e+00 0.000000e+00 1.000000e+00 2.500000e+00
3.131313e-01 1.000000e+00 0.000000e+00 1.000000e+00 2.500000e+00
3.232323e-01 1.000000e+00 0.000000e+00 1.000000e+00 2.500000e+00
3.333333e-01 1.000000e+00 0.000000e+00 1.000000e+00 2.500000e+00
3.434343e-01 1.000000e+00 0.000000e+00 1.000000e+00 2.500000e+00
3.535354e-01 1.000000e+00 0.000000e+00 1.000000e+00 2.500000e+00
3.636364e-01 1.000000e+00 0.000000e+00 1.000000e+00 2.500000e+00
3.737374e-01 9.930771e-01 8.124419e-03 9.904163e-01 2.493302e+00
3.838384e-01 9.930771e-01 8.124419e-03 9.904163e-01 2.493302e+00
3.939394e-01 9.641703e-01 4.194776e-02 9.512501e-01 2.466499e+00
4.040404e-01 9.641703e-01 4.194776e-02 9.512501e-01 2.466499e+00
4.141414e-01 9.044143e-01 1.127652e-01 8.732100e-01 2.413744e+00
4.242424e-01 9.044143e-01 1.127652e-01 8.732100e-01 2.413744e+00
4.343434e-01 8.186913e-01 2.181926e-01 7.667811e-01 2.341484e+00
4.444444e-01 8.186913e-01 2.181926e-01 7.667811e-01 2.341484e+00
4.545455e-01 7.191793e-01 3.483210e-01 6.505643e-01 2.261481e+00
4.646465e-01 7.191793e-01 3.483210e-01 6.505643e-01 2.261481e+00
4.747475e-01 6.180680e-01 4.912721e-01 5.405005e-01 2.186250e+00
4.848485e-01 6.180680e-01 4.912721e-01 5.405005e-01 2.186250e+00
4.949495e-01 5.246646e-01 6.337353e-01 4.471735e-01 2.130759e+00
5.050505e-01 5.246646e-01 6.337353e-01 4.471735e-01 2.130759e+00
5.151515e-01 4.445595e-01 7.594595e-01 3.766615e-01 2.118173e+00
5.252525e-01 4.445595e-01 7.594595e-01 3.766615e-01 2.118173e+00
5.353535e-01 3.789881e-01 8.504525e-01 3.308202e-01 2.182260e+00
5.454545e-01 3.789881e-01 8.504525e-01 3.308202e-01 2.182260e+00
5.555556e-01 3.249470e-01 8.917798e-01 3.047459e-01 2.344582e+00
5.656566e-01 3.249470e-01 8.917798e-01 3.047459e-01 2.344582e+00
5.757576e-01 2.738097e-01 8.514261e-01 2.778928e-01 2.537280e+00
5.858586e-01 2.738097e-01 8.514261e-01 2.778928e-01 2.537280e+00
5.959596e-01 2.060427e-01 5.954725e-01 2.062368e-01 2.502355e+00
6.060606e-01 2.060427e-01 5.954725e-01 2.062368e-01 2.502355e+00
6.161616e-01 1.418881e-01 1.493277e-01 1.211389e-01 2.134409e+00
6.262626e-01 1.418881e-01 1.493277e-01 1.211389e-01 2.134409e+00
6.363636e-01 1.250000e-01 0.000000e+00 1.000000e-01 2.000000e+00
6.464646e-01 1.250000e-01 0.000000e+00 1.000000e-01 2.000000e+00
6.565657e-01 1.250000e-01 0.000000e+00 1.000000e-01 2.000000e+00
6.666667e-01 1.250000e-01 0.000000e+00 1.000000e-01 2.000000e+00
6.767677e-01 1.250000e-01 0.000000e+00 1.000000e-01 2.000000e+00
6.868687e-01 1.250000e-01 0.000000e+00 1.000000e-01 2.000000e+00
6.969697e-01 1.250000e-01 0.000000e+00 1.000000e-01 2.000000e+00
7.070707e-01 1.250000e-01 0.000000e+00 1.000000e-01 2.000000e+00
7.171717e-01 1.250000e-01 0.000000e+00 1.000000e-01 2.000000e+00
7.272727e-01 1.250000e-01 0.000000e+00 1.000000e-01 2.000000e+00
7.373737e-01 1.250000e-01 0.000000e+00 1.000000e-01 2.000000e+00
7.474747e-01 1.250000e-01 0.000000e+00 1.000000e-01 2.000000e+00
7.575758e-01 1.250000e-01 0.000000e+00 1.000000e-01 2.000000e+00
7.676768e-01 1.250000e-01 0.000000e+00 1.000000e-01 2.000000e+00
7.777778e-01 1.250000e-01 0.000000e+00 1.000000e-01 2.000000e+00
7.878788e-01 1.250000e-01 0.000000e+00 1.000000e-01 2.000000e+00
7.979798e-01 1.250000e-01 0.000000e+00 1.000000e-01 2.000000e+00
8.080808e-01 1.250000e-01 0.000000e+00 1.000000e-01 2.000000e+00
8.181818e-01 1.250000e-01 0.000000e+00 1.000000e-01 2.000000e+00
8.282828e-01 1.250000e-01 0.000000e+00 1.000000e-01 2.000000e+00
8.383838e-01 1.250000e-01 0.000000e+00 1.000000e-01 2.000000e+00
8.484848e-01 1.250000e-01 0.000000e+00 1.000000e-01 2.000000e+00
8.585859e-01 1.250000e-01 0.000000e+00 1.000000e-01 2.000000e+00
8.686869e-01 1.250000e-01 0.000000e+00 1.000000e-01 2.000000e+00
8.787879e-01 1.250000e-01 0.000000e+00 1.000000e-01 2.000000e+00
8.888889e-01 1.250000e-01 0.000000e+00 1.000000e-01 2.000000e+00
8.989899e-01 1.250000e-01 0.000000e+00 1.000000e-01 2.000000e+00
9.090909e-01 1.250000e-01 0.000000e+00 1.000000e-01 2.000000e+00
9.191919e-01 1.250000e-01 0.000000e+00 1.000000e-01 2.000000e+00
9.292929e-01 1.250000e-01 0.000000e+00 1.000000e-01 2.000000e+00
9.393939e-01 1.250000e-01 0.000000e+00 1.000000e-01 2.000000e+00
9.494949e-01 1.250000e-01 0.000000e+00 1.000000e-01 2.000000e+00
9.595960e-01 1.250000e-01 0.000000e+00 1.000000e-01 2.000000e+00
9.696970e-01 1.250000e-01 0.000000e+00 1.000000e-01 2.000000e+00
9.797980e-01 1.250000e-01 0.000000e+00 1.000000e-01 2.000000e+00
9.898990e-01 1.250000e-01 0.000000e+00 1.000000e-01 2.000000e+00
1.000000e+00 1.250000e-01 0.000000e+00 1.000000e-01 2.000000e+00
