0.000000e+00 1.000000e+00 0.000000e+00 1.000000e+00 2.500000e+00
1.010101e-02 1.000000e+00 0.000000e+00 1.000000e+00 2.500000e+00
2.020202e-02 1.000000e+00 0.000000e+00 1.000000e+00 2.500000e+00
3.030303e-02 1.000000e+00 0.000000e+00 1.000000e+00 2.500000e+00
4.040404e-02 1.000000e+00 0.000000e+00 1.000000e+00 2.500000e+00
5.050505e-02 1.000000e+00 0.000000e+00 1.000000e+00 2.500000e+00
6.060606e-02 1.000000e+00 0.000000e+00 1.000000e+00 2.500000e+00
7.070707e-02 1.000000e+00 0.000000e+00 1.000000e+00 2.500000e+00
8.080808e-02 1.000000e+00 0.000000e+00 1.000000e+00 2.500000e+00
9.090909e-02 1.000000e+00 0.000000e+00 1.000000e+00 2.500000e+00
1.010101e-01 1.000000e+00 0.000000e+00 1.000000e+00 2.500000e+00
1.111111e-01 1.000000e+00 0.000000e+00 1.000000e+00 2.500000e+00
1.212121e-01 1.000000e+00 0.000000e+00 1.000000e+00 2.500000e+00
1.313131e-01 1.000000e+00 0.000000e+00 1.000000e+00 2.500000e+00
1.414141e-01 1.000000e+00 0.000000e+00 1.000000e+00 2.500000e+00
1.515152e-01 1.000000e+00 0.000000e+00 1.000000e+00 2.500000e+00
1.616162e-01 1.000000e+00 0.000000e+00 1.000000e+00 2.500000e+00
1.717172e-01 1.000000e+00 0.000000e+00 1.000000e+00 2.500000e+00
1.818182e-01 1.000000e+00 0.000000e+00 1.000000e+00 2.500000e+00
1.919192e-01 1.000000e+00 0.000000e+00 1.000000e+00 2.500000e+00
2.020202e-01 1.000000e+00 0.000000e+00 1.000000e+00 2.500000e+00
2.121212e-01 1.000000e+00 0.000000e+00 1.000000e+00 2.500000e+00
2.222222e-01 1.000000e+00 0.000000e+00 1.000000e+00 2.500000e+00
2.323232e-01 9.999227e-01 9.147438e-05 9.998918e-01 2.499923e+00
2.424242e-01 9.999227e-01 9.147438e-05 9.998918e-01 2.499923e+00
2.525253e-01 9.992124e-01 9.314053e-04 9.988984e-01 2.499214e+00
2.626263e-01 9.992124e-01 9.314053e-04 9.988984e-01 2.499214e+00
2.727273e-01 9.960870e-01 4.625430e-03 9.945381e-01 2.496113e+00
2.828283e-01 9.960870e-01 4.625430e-03 9.945381e-01 2.496113e+00
2.929293e-01 9.872592e-01 1.506675e-02 9.822938e-01 2.487426e+00
3.030303e-01 9.872592e-01 1.506675e-02 9.822938e-01 2.487426e+00
3.131313e-01 9.690374e-01 3.672009e-02 9.572861e-01 2.469683e+00
3.232323e-01 9.690374e-01 3.672009e-02 9.572861e-01 2.469683e+00
3.333333e-01 9.391802e-01 7.261982e-02 9.169730e-01 2.440887e+00
3.434343e-01 9.391802e-01 7.261982e-02 9.169730e-01 2.440887e+00
3.535354e-01 8.978756e-01 1.233407e-01 8.624249e-01 2.401293e+00
3.636364e-01 8.978756e-01 1.233407e-01 8.624249e-01 2.401293e+00
3.737374e-01 8.472957e-01 1.874045e-01 7.974405e-01 2.352899e+00
3.838384e-01 8.472957e-01 1.874045e-01 7.974405e-01 2.352899e+00
3.939394e-01 7.905208e-01 2.622632e-01 7.268025e-01 2.298493e+00
4.040404e-01 7.905208e-01 2.622632e-01 7.268025e-01 2.298493e+00
4.141414e-01 7.306697e-01 3.450532e-01 6.549662e-01 2.240979e+00
4.242424e-01 7.306697e-01 3.450532e-01 6.549662e-01 2.240979e+00
4.343434e-01 6.704834e-01 4.328986e-01 5.855062e-01 2.183150e+00
4.444444e-01 6.704834e-01 4.328986e-01 5.855062e-01 2.183150e+00
4.545455e-01 6.122320e-01 5.228685e-01 5.210837e-01 2.127803e+00
4.646465e-01 6.122320e-01 5.228685e-01 5.210837e-01 2.127803e+00
4.747475e-01 5.577467e-01 6.117509e-01 4.636285e-01 2.078132e+00
4.848485e-01 5.577467e-01 6.117509e-01 4.636285e-01 2.078132e+00
4.949495e-01 5.084232e-01 6.958099e-01 4.145369e-01 2.038346e+00
5.050505e-01 5.084232e-01 6.958099e-01 4.145369e-01 2.038346e+00
5.151515e-01 4.650980e-01 7.707581e-01 3.747688e-01 2.014461e+00
5.252525e-01 4.650980e-01 7.707581e-01 3.747688e-01 2.014461e+00
5.353535e-01 4.277845e-01 8.322820e-01 3.447743e-01 2.014883e+00
5.454545e-01 4.277845e-01 8.322820e-01 3.447743e-01 2.014883e+00
5.555556e-01 3.954561e-01 8.773177e-01 3.242543e-01 2.049875e+00
5.656566e-01 3.954561e-01 8.773177e-01 3.242543e-01 2.049875e+00
5.757576e-01 3.663233e-01 9.055475e-01 3.119178e-01 2.128705e+00
5.858586e-01 3.663233e-01 9.055475e-01 3.119178e-01 2.128705e+00
5.959596e-01 3.388896e-01 9.197395e-01 3.055401e-01 2.253979e+00
6.060606e-01 3.388896e-01 9.197395e-01 3.055401e-01 2.253979e+00
6.161616e-01 3.131139e-01 9.238668e-01 3.023923e-01 2.414395e+00
6.262626e-01 3.131139e-01 9.238668e-01 3.023923e-01 2.414395e+00
6.363636e-01 2.900237e-01 9.185262e-01 2.992139e-01 2.579220e+00
6.464646e-01 2.900237e-01 9.185262e-01 2.992139e-01 2.579220e+00
6.565657e-01 2.681032e-01 8.887040e-01 2.891367e-01 2.696132e+00
6.666667e-01 2.681032e-01 8.887040e-01 2.891367e-01 2.696132e+00
6.767677e-01 2.365812e-01 7.719786e-01 2.536966e-01 2.680862e+00
6.868687e-01 2.365812e-01 7.719786e-01 2.536966e-01 2.680862e+00
6.969697e-01 1.854302e-01 4.789313e-01 1.811470e-01 2.442253e+00
7.070707e-01 1.854302e-01 4.789313e-01 1.811470e-01 2.442253e+00
7.171717e-01 1.421895e-01 1.490300e-01 1.212076e-01 2.131093e+00
7.272727e-01 1.421895e-01 1.490300e-01 1.212076e-01 2.131093e+00
7.373737e-01 1.274069e-01 2.073654e-02 1.027680e-01 2.016531e+00
7.474747e-01 1.274069e-01 2.073654e-02 1.027680e-01 2.016531e+00
7.575758e-01 1.251539e-01 1.307875e-03 1.001731e-01 2.000998e+00
7.676768e-01 1.251539e-01 1.307875e-03 1.001731e-01 2.000998e+00
7.777778e-01 1.250000e-01 0.000000e+00 1.000000e-01 2.000000e+00
7.878788e-01 1.250000e-01 0.000000e+00 1.000000e-01 2.000000e+00
7.979798e-01 1.250000e-01 0.000000e+00 1.000000e-01 2.000000e+00
8.080808e-01 1.250000e-01 0.000000e+00 1.000000e-01 2.000000e+00
8.181818e-01 1.250000e-01 0.000000e+00 1.000000e-01 2.000000e+00
8.282828e-01 1.250000e-01 0.000000e+00 1.000000e-01 2.000000e+00
8.383838e-01 1.250000e-01 0.000000e+00 1.000000e-01 2.000000e+00
8.484848e-01 1.250000e-01 0.000000e+00 1.000000e-01 2.000000e+00
8.585859e-01 1.250000e-01 0.000000e+00 1.000000e-01 2.000000e+00
8.686869e-01 1.250000e-01 0.000000e+00 1.000000e-01 2.000000e+00
8.787879e-01 1.250000e-01 0.000000e+00 1.000000e-01 2.000000e+00
8.888889e-01 1.250000e-01 0.000000e+00 1.000000e-01 2.000000e+00
8.989899e-01 1.250000e-01 0.000000e+00 1.000000e-01 2.000000e+00
9.090909e-01 1.250000e-01 0.000000e+00 1.000000e-01 2.000000e+00
9.191919e-01 1.250000e-01 0.000000e+00 1.000000e-01 2.000000e+00
9.292929e-01 1.250000e-01 0.000000e+00 1.000000e-01 2.000000e+00
9.393939e-01 1.250000e-01 0.000000e+00 1.000000e-01 2.000000e+00
9.494949e-01 1.250000e-01 0.000000e+00 1.000000e-01 2.000000e+00
9.595960e-01 1.250000e-01 0.000000e+00 1.000000e-01 2.000000e+00
9.696970e-01 1.250000e-01 0.000000e+00 1.000000e-01 2.000000e+00
9.797980e-01 1.250000e-01 0.000000e+00 1.000000e-01 2.000000e+00
9.898990e-01 1.250000e-01 0.000000e+00 1.000000e-01 2.000000e+00
1.000000e+00 1.250000e-01 0.000000e+00 1.000000e-01 2.000000e+00
