0.000000e+00 1.000000e+00 0.000000e+00 1.000000e+00 2.500000e+00
1.010101e-02 1.000000e+00 0.000000e+00 1.000000e+00 2.500000e+00
2.020202e-02 1.000000e+00 0.000000e+00 1.000000e+00 2.500000e+00
3.030303e-02 1.000000e+00 0.000000e+00 1.000000e+00 2.500000e+00
4.040404e-02 9.999998e-01 1.807710e-07 9.999998e-01 2.500000e+00
5.050505e-02 9.999998e-01 1.807710e-07 9.999998e-01 2.500000e+00
6.060606e-02 9.999973e-01 3.170403e-06 9.999962e-01 2.499997e+00
7.070707e-02 9.999973e-01 3.170403e-06 9.999962e-01 2.499997e+00
8.080808e-02 9.999770e-01 2.727263e-05 9.999677e-01 2.499977e+00
9.090909e-02 9.999770e-01 2.727263e-05 9.999677e-01 2.499977e+00
1.010101e-01 9.998703e-01 1.534298e-04 9.998185e-01 2.499870e+00
1.111111e-01 9.998703e-01 1.534298e-04 9.998185e-01 2.499870e+00
1.212121e-01 9.994630e-01 6.352938e-04 9.992485e-01 2.499463e+00
1.313131e-01 9.994630e-01 6.352938e-04 9.992485e-01 2.499463e+00
1.414141e-01 9.982525e-01 2.067504e-03 9.975560e-01 2.498256e+00
1.515152e-01 9.982525e-01 2.067504e-03 9.975560e-01 2.498256e+00
1.616162e-01 9.953339e-01 5.522454e-03 9.934824e-01 2.495350e+00
1.717172e-01 9.953339e-01 5.522454e-03 9.934824e-01 2.495350e+00
1.818182e-01 9.894439e-01 1.250626e-02 9.852888e-01 2.489501e+00
1.919192e-01 9.894439e-01 1.250626e-02 9.852888e-01 2.489501e+00
2.020202e-01 9.792305e-01 2.466345e-02 9.711573e-01 2.479389e+00
2.121212e-01 9.792305e-01 2.466345e-02 9.711573e-01 2.479389e+00
2.222222e-01 9.636431e-01 4.335179e-02 9.497602e-01 2.463983e+00
2.323232e-01 9.636431e-01 4.335179e-02 9.497602e-01 2.463983e+00
2.424242e-01 9.422341e-01 6.931840e-02 9.206826e-01 2.442818e+00
2.525253e-01 9.422341e-01 6.931840e-02 9.206826e-01 2.442818e+00
2.626263e-01 9.152262e-01 1.026197e-01 8.844872e-01 2.416035e+00
2.727273e-01 9.152262e-01 1.026197e-01 8.844872e-01 2.416035e+00
2.828283e-01 8.833692e-01 1.427532e-01 8.424676e-01 2.384245e+00
2.929293e-01 8.833692e-01 1.427532e-01 8.424676e-01 2.384245e+00
3.030303e-01 8.477077e-01 1.888755e-01 7.962792e-01 2.348331e+00
3.131313e-01 8.477077e-01 1.888755e-01 7.962792e-01 2.348331e+00
3.232323e-01 8.093694e-01 2.399987e-01 7.476187e-01 2.309263e+00
3.333333e-01 8.093694e-01 2.399987e-01 7.476187e-01 2.309263e+00
3.434343e-01 7.694265e-01 2.951180e-01 6.980233e-01 2.267998e+00
3.535354e-01 7.694265e-01 2.951180e-01 6.980233e-01 2.267998e+00
3.636364e-01 7.288298e-01 3.532703e-01 6.487840e-01 2.225430e+00
3.737374e-01 7.288298e-01 3.532703e-01 6.487840e-01 2.225430e+00
3.838384e-01 6.883936e-01 4.135401e-01 6.009360e-01 2.182385e+00
3.939394e-01 6.883936e-01 4.135401e-01 6.009360e-01 2.182385e+00
4.040404e-01 6.488098e-01 4.750333e-01 5.552905e-01 2.139650e+00
4.141414e-01 6.488098e-01 4.750333e-01 5.552905e-01 2.139650e+00
4.242424e-01 6.106733e-01 5.368307e-01 5.124817e-01 2.098019e+00
4.343434e-01 6.106733e-01 5.368307e-01 5.124817e-01 2.098019e+00
4.444444e-01 5.745065e-01 5.979334e-01 4.730145e-01 2.058352e+00
4.545455e-01 5.745065e-01 5.979334e-01 4.730145e-01 2.058352e+00
4.646465e-01 5.407747e-01 6.572093e-01 4.373040e-01 2.021655e+00
4.747475e-01 5.407747e-01 6.572093e-01 4.373040e-01 2.021655e+00
4.848485e-01 5.098827e-01 7.133592e-01 4.057002e-01 1.989184e+00
4.949495e-01 5.098827e-01 7.133592e-01 4.057002e-01 1.989184e+00
5.050505e-01 4.821412e-01 7.649312e-01 3.784912e-01 1.962554e+00
5.151515e-01 4.821412e-01 7.649312e-01 3.784912e-01 1.962554e+00
5.252525e-01 4.576960e-01 8.104233e-01 3.558790e-01 1.943861e+00
5.353535e-01 4.576960e-01 8.104233e-01 3.558790e-01 1.943861e+00
5.454545e-01 4.364236e-01 8.485049e-01 3.379254e-01 1.935765e+00
5.555556e-01 4.364236e-01 8.485049e-01 3.379254e-01 1.935765e+00
5.656566e-01 4.178278e-01 8.783378e-01 3.244799e-01 1.941469e+00
5.757576e-01 4.178278e-01 8.783378e-01 3.244799e-01 1.941469e+00
5.858586e-01 4.010131e-01 8.998805e-01 3.151237e-01 1.964547e+00
5.959596e-01 4.010131e-01 8.998805e-01 3.151237e-01 1.964547e+00
6.060606e-01 3.848284e-01 9.139968e-01 3.091740e-01 2.008519e+00
6.161616e-01 3.848284e-01 9.139968e-01 3.091740e-01 2.008519e+00
6.262626e-01 3.682082e-01 9.222507e-01 3.057771e-01 2.076115e+00
6.363636e-01 3.682082e-01 9.222507e-01 3.057771e-01 2.076115e+00
6.464646e-01 3.506061e-01 9.264608e-01 3.040655e-01 2.168142e+00
6.565657e-01 3.506061e-01 9.264608e-01 3.040655e-01 2.168142e+00
6.666667e-01 3.322907e-01 9.282404e-01 3.033104e-01 2.281966e+00
6.767677e-01 3.322907e-01 9.282404e-01 3.033104e-01 2.281966e+00
6.868687e-01 3.143013e-01 9.287178e-01 3.029971e-01 2.410085e+00
6.969697e-01 3.143013e-01 9.287178e-01 3.029971e-01 2.410085e+00
7.070707e-01 2.980382e-01 9.284477e-01 3.027957e-01 2.539907e+00
7.171717e-01 2.980382e-01 9.284477e-01 3.027957e-01 2.539907e+00
7.272727e-01 2.846458e-01 9.272710e-01 3.024083e-01 2.656006e+00
7.373737e-01 2.846458e-01 9.272710e-01 3.024083e-01 2.656006e+00
7.474747e-01 2.743302e-01 9.233399e-01 3.011239e-01 2.744174e+00
7.575758e-01 2.743302e-01 9.233399e-01 3.011239e-01 2.744174e+00
7.676768e-01 2.652973e-01 9.086661e-01 2.962895e-01 2.792052e+00
7.777778e-01 2.652973e-01 9.086661e-01 2.962895e-01 2.792052e+00
7.878788e-01 2.512008e-01 8.545253e-01 2.789889e-01 2.776553e+00
7.979798e-01 2.512008e-01 8.545253e-01 2.789889e-01 2.776553e+00
8.080808e-01 2.200738e-01 6.931422e-01 2.325725e-01 2.641984e+00
8.181818e-01 2.200738e-01 6.931422e-01 2.325725e-01 2.641984e+00
8.282828e-01 1.734576e-01 3.932536e-01 1.638023e-01 2.360841e+00
8.383838e-01 1.734576e-01 3.932536e-01 1.638023e-01 2.360841e+00
8.484848e-01 1.397651e-01 1.270437e-01 1.178980e-01 2.108860e+00
8.585859e-01 1.397651e-01 1.270437e-01 1.178980e-01 2.108860e+00
8.686869e-01 1.279435e-01 2.523391e-02 1.033772e-01 2.019977e+00
8.787879e-01 1.279435e-01 2.523391e-02 1.033772e-01 2.019977e+00
8.888889e-01 1.254414e-01 3.750954e-03 1.004970e-01 2.002867e+00
8.989899e-01 1.254414e-01 3.750954e-03 1.004970e-01 2.002867e+00
9.090909e-01 1.250507e-01 4.296362e-04 1.000568e-01 2.000325e+00
9.191919e-01 1.250507e-01 4.296362e-04 1.000568e-01 2.000325e+00
9.292929e-01 1.250040e-01 3.403748e-05 1.000045e-01 2.000026e+00
9.393939e-01 1.250040e-01 3.403748e-05 1.000045e-01 2.000026e+00
9.494949e-01 1.250002e-01 1.387099e-06 1.000002e-01 2.000001e+00
9.595960e-01 1.250002e-01 1.387099e-06 1.000002e-01 2.000001e+00
9.696970e-01 1.250000e-01 0.000000e+00 1.000000e-01 2.000000e+00
9.797980e-01 1.250000e-01 0.000000e+00 1.000000e-01 2.000000e+00
9.898990e-01 1.250000e-01 0.000000e+00 1.000000e-01 2.000000e+00
1.000000e+00 1.250000e-01 0.000000e+00 1.000000e-01 2.000000e+00
