0.000000e+00 1.000000e+00 0.000000e+00 1.000000e+00 2.500000e+00
1.010101e-02 1.000000e+00 0.000000e+00 1.000000e+00 2.500000e+00
2.020202e-02 1.000000e+00 0.000000e+00 1.000000e+00 2.500000e+00
3.030303e-02 1.000000e+00 0.000000e+00 1.000000e+00 2.500000e+00
4.040404e-02 1.000000e+00 0.000000e+00 1.000000e+00 2.500000e+00
5.050505e-02 1.000000e+00 0.000000e+00 1.000000e+00 2.500000e+00
6.060606e-02 1.000000e+00 0.000000e+00 1.000000e+00 2.500000e+00
7.070707e-02 1.000000e+00 0.000000e+00 1.000000e+00 2.500000e+00
8.080808e-02 9.999994e-01 6.762134e-07 9.999992e-01 2.499999e+00
9.090909e-02 9.999994e-01 6.762134e-07 9.999992e-01 2.499999e+00
1.010101e-01 9.999909e-01 1.080285e-05 9.999872e-01 2.499991e+00
1.111111e-01 9.999909e-01 1.080285e-05 9.999872e-01 2.499991e+00
1.212121e-01 9.999286e-01 8.452282e-05 9.999000e-01 2.499929e+00
1.313131e-01 9.999286e-01 8.452282e-05 9.999000e-01 2.499929e+00
1.414141e-01 9.996349e-01 4.319510e-04 9.994890e-01 2.499635e+00
1.515152e-01 9.996349e-01 4.319510e-04 9.994890e-01 2.499635e+00
1.616162e-01 9.986275e-01 1.623713e-03 9.980802e-01 2.498630e+00
1.717172e-01 9.986275e-01 1.623713e-03 9.980802e-01 2.498630e+00
1.818182e-01 9.959429e-01 4.800571e-03 9.943323e-01 2.495957e+00
1.919192e-01 9.959429e-01 4.800571e-03 9.943323e-01 2.495957e+00
2.020202e-01 9.901366e-01 1.168123e-02 9.862535e-01 2.490195e+00
2.121212e-01 9.901366e-01 1.168123e-02 9.862535e-01 2.490195e+00
2.222222e-01 9.795893e-01 2.422590e-02 9.716615e-01 2.479767e+00
2.323232e-01 9.795893e-01 2.422590e-02 9.716615e-01 2.479767e+00
2.424242e-01 9.630131e-01 4.408604e-02 9.489235e-01 2.463423e+00
2.525253e-01 9.630131e-01 4.408604e-02 9.489235e-01 2.463423e+00
2.626263e-01 9.398598e-01 7.216539e-02 9.175311e-01 2.440607e+00
2.727273e-01 9.398598e-01 7.216539e-02 9.175311e-01 2.440607e+00
2.828283e-01 9.104168e-01 1.085090e-01 8.781952e-01 2.411520e+00
2.929293e-01 9.104168e-01 1.085090e-01 8.781952e-01 2.411520e+00
3.030303e-01 8.756164e-01 1.524791e-01 8.325142e-01 2.376938e+00
3.131313e-01 8.756164e-01 1.524791e-01 8.325142e-01 2.376938e+00
3.232323e-01 8.367300e-01 2.030395e-01 7.824916e-01 2.337945e+00
3.333333e-01 8.367300e-01 2.030395e-01 7.824916e-01 2.337945e+00
3.434343e-01 7.951034e-01 2.589996e-01 7.301334e-01 2.295718e+00
3.535354e-01 7.951034e-01 2.589996e-01 7.301334e-01 2.295718e+00
3.636364e-01 7.519929e-01 3.191622e-01 6.772141e-01 2.251398e+00
3.737374e-01 7.519929e-01 3.191622e-01 6.772141e-01 2.251398e+00
3.838384e-01 7.084960e-01 3.823800e-01 6.251905e-01 2.206048e+00
3.939394e-01 7.084960e-01 3.823800e-01 6.251905e-01 2.206048e+00
4.040404e-01 6.655449e-01 4.475463e-01 5.752085e-01 2.160668e+00
4.141414e-01 6.655449e-01 4.475463e-01 5.752085e-01 2.160668e+00
4.242424e-01 6.239303e-01 5.135479e-01 5.281541e-01 2.116238e+00
4.343434e-01 6.239303e-01 5.135479e-01 5.281541e-01 2.116238e+00
4.444444e-01 5.843328e-01 5.791956e-01 4.847167e-01 2.073804e+00
4.545455e-01 5.843328e-01 5.791956e-01 4.847167e-01 2.073804e+00
4.646465e-01 5.473461e-01 6.431518e-01 4.454470e-01 2.034577e+00
4.747475e-01 5.473461e-01 6.431518e-01 4.454470e-01 2.034577e+00
4.848485e-01 5.134767e-01 7.038769e-01 4.107961e-01 2.000071e+00
4.949495e-01 5.134767e-01 7.038769e-01 4.107961e-01 2.000071e+00
5.050505e-01 4.831064e-01 7.596346e-01 3.811273e-01 1.972274e+00
5.151515e-01 4.831064e-01 7.596346e-01 3.811273e-01 1.972274e+00
5.252525e-01 4.564042e-01 8.086125e-01 3.566907e-01 1.953809e+00
5.353535e-01 4.564042e-01 8.086125e-01 3.566907e-01 1.953809e+00
5.454545e-01 4.331977e-01 8.492065e-01 3.375557e-01 1.948046e+00
5.555556e-01 4.331977e-01 8.492065e-01 3.375557e-01 1.948046e+00
5.656566e-01 4.128566e-01 8.804404e-01 3.235209e-01 1.959039e+00
5.757576e-01 4.128566e-01 8.804404e-01 3.235209e-01 1.959039e+00
5.858586e-01 3.942991e-01 9.023566e-01 3.140458e-01 1.991165e+00
5.959596e-01 3.942991e-01 9.023566e-01 3.140458e-01 1.991165e+00
6.060606e-01 3.762397e-01 9.161189e-01 3.082701e-01 2.048362e+00
6.161616e-01 3.762397e-01 9.161189e-01 3.082701e-01 2.048362e+00
6.262626e-01 3.576753e-01 9.236833e-01 3.051521e-01 2.132885e+00
6.363636e-01 3.576753e-01 9.236833e-01 3.051521e-01 2.132885e+00
6.464646e-01 3.383914e-01 9.271841e-01 3.036803e-01 2.243558e+00
6.565657e-01 3.383914e-01 9.271841e-01 3.036803e-01 2.243558e+00
6.666667e-01 3.191555e-01 9.283601e-01 3.030491e-01 2.373836e+00
6.767677e-01 3.191555e-01 9.283601e-01 3.030491e-01 2.373836e+00
6.868687e-01 3.013992e-01 9.282147e-01 3.026985e-01 2.510777e+00
6.969697e-01 3.013992e-01 9.282147e-01 3.026985e-01 2.510777e+00
7.070707e-01 2.864795e-01 9.266868e-01 3.021420e-01 2.636680e+00
7.171717e-01 2.864795e-01 9.266868e-01 3.021420e-01 2.636680e+00
7.272727e-01 2.746915e-01 9.211889e-01 3.003245e-01 2.733289e+00
7.373737e-01 2.746915e-01 9.211889e-01 3.003245e-01 2.733289e+00
7.474747e-01 2.636428e-01 9.001364e-01 2.934110e-01 2.782278e+00
7.575758e-01 2.636428e-01 9.001364e-01 2.934110e-01 2.782278e+00
7.676768e-01 2.450043e-01 8.237082e-01 2.694597e-01 2.749540e+00
7.777778e-01 2.450043e-01 8.237082e-01 2.694597e-01 2.749540e+00
7.878788e-01 2.068602e-01 6.155316e-01 2.127119e-01 2.570721e+00
7.979798e-01 2.068602e-01 6.155316e-01 2.127119e-01 2.570721e+00
8.080808e-01 1.602448e-01 2.944202e-01 1.452892e-01 2.266676e+00
8.181818e-01 1.602448e-01 2.944202e-01 1.452892e-01 2.266676e+00
8.282828e-01 1.339295e-01 7.709541e-02 1.105855e-01 2.064248e+00
8.383838e-01 1.339295e-01 7.709541e-02 1.105855e-01 2.064248e+00
8.484848e-01 1.265096e-01 1.289718e-02 1.017160e-01 2.010045e+00
8.585859e-01 1.265096e-01 1.289718e-02 1.017160e-01 2.010045e+00
8.686869e-01 1.251870e-01 1.586900e-03 1.002101e-01 2.001207e+00
8.787879e-01 1.251870e-01 1.586900e-03 1.002101e-01 2.001207e+00
8.888889e-01 1.250159e-01 1.347584e-04 1.000178e-01 2.000102e+00
8.989899e-01 1.250159e-01 1.347584e-04 1.000178e-01 2.000102e+00
9.090909e-01 1.250007e-01 5.913556e-06 1.000008e-01 2.000004e+00
9.191919e-01 1.250007e-01 5.913556e-06 1.000008e-01 2.000004e+00
9.292929e-01 1.250000e-01 0.000000e+00 1.000000e-01 2.000000e+00
9.393939e-01 1.250000e-01 0.000000e+00 1.000000e-01 2.000000e+00
9.494949e-01 1.250000e-01 0.000000e+00 1.000000e-01 2.000000e+00
9.595960e-01 1.250000e-01 0.000000e+00 1.000000e-01 2.000000e+00
9.696970e-01 1.250000e-01 0.000000e+00 1.000000e-01 2.000000e+00
9.797980e-01 1.250000e-01 0.000000e+00 1.000000e-01 2.000000e+00
9.898990e-01 1.250000e-01 0.000000e+00 1.000000e-01 2.000000e+00
1.000000e+00 1.250000e-01 0.000000e+00 1.000000e-01 2.000000e+00
