0.000000e+00 1.000000e+00 0.000000e+00 1.000000e+00 2.500000e+00
1.010101e-02 1.000000e+00 0.000000e+00 1.000000e+00 2.500000e+00
2.020202e-02 1.000000e+00 0.000000e+00 1.000000e+00 2.500000e+00
3.030303e-02 1.000000e+00 0.000000e+00 1.000000e+00 2.500000e+00
4.040404e-02 1.000000e+00 0.000000e+00 1.000000e+00 2.500000e+00
5.050505e-02 1.000000e+00 0.000000e+00 1.000000e+00 2.500000e+00
6.060606e-02 1.000000e+00 0.000000e+00 1.000000e+00 2.500000e+00
7.070707e-02 1.000000e+00 0.000000e+00 1.000000e+00 2.500000e+00
8.080808e-02 1.000000e+00 0.000000e+00 1.000000e+00 2.500000e+00
9.090909e-02 1.000000e+00 0.000000e+00 1.000000e+00 2.500000e+00
1.010101e-01 1.000000e+00 0.000000e+00 1.000000e+00 2.500000e+00
1.111111e-01 1.000000e+00 0.000000e+00 1.000000e+00 2.500000e+00
1.212121e-01 1.000000e+00 0.000000e+00 1.000000e+00 2.500000e+00
1.313131e-01 1.000000e+00 0.000000e+00 1.000000e+00 2.500000e+00
1.414141e-01 1.000000e+00 0.000000e+00 1.000000e+00 2.500000e+00
1.515152e-01 1.000000e+00 0.000000e+00 1.000000e+00 2.500000e+00
1.616162e-01 1.000000e+00 0.000000e+00 1.000000e+00 2.500000e+00
1.717172e-01 1.000000e+00 0.000000e+00 1.000000e+00 2.500000e+00
1.818182e-01 1.000000e+00 0.000000e+00 1.000000e+00 2.500000e+00
1.919192e-01 1.000000e+00 0.000000e+00 1.000000e+00 2.500000e+00
2.020202e-01 1.000000e+00 0.000000e+00 1.000000e+00 2.500000e+00
2.121212e-01 9.999596e-01 4.779179e-05 9.999435e-01 2.499960e+00
2.222222e-01 9.999596e-01 4.779179e-05 9.999435e-01 2.499960e+00
2.323232e-01 9.995578e-01 5.230469e-04 9.993813e-01 2.499558e+00
2.424242e-01 9.995578e-01 5.230469e-04 9.993813e-01 2.499558e+00
2.525253e-01 9.976394e-01 2.791165e-03 9.967014e-01 2.497649e+00
2.626263e-01 9.976394e-01 2.791165e-03 9.967014e-01 2.497649e+00
2.727273e-01 9.917621e-01 9.741448e-03 9.885241e-01 2.491838e+00
2.828283e-01 9.917621e-01 9.741448e-03 9.885241e-01 2.491838e+00
2.929293e-01 9.786555e-01 2.528470e-02 9.704299e-01 2.478987e+00
3.030303e-01 9.786555e-01 2.528470e-02 9.704299e-01 2.478987e+00
3.131313e-01 9.556333e-01 5.281121e-02 9.390468e-01 2.456609e+00
3.232323e-01 9.556333e-01 5.281121e-02 9.390468e-01 2.456609e+00
3.333333e-01 9.218378e-01 9.386793e-02 8.937983e-01 2.423958e+00
3.434343e-01 9.218378e-01 9.386793e-02 8.937983e-01 2.423958e+00
3.535354e-01 8.783891e-01 1.479824e-01 8.369536e-01 2.382070e+00
3.636364e-01 8.783891e-01 1.479824e-01 8.369536e-01 2.382070e+00
3.737374e-01 8.276597e-01 2.133350e-01 7.723952e-01 2.333070e+00
3.838384e-01 8.276597e-01 2.133350e-01 7.723952e-01 2.333070e+00
3.939394e-01 7.724158e-01 2.875317e-01 7.042760e-01 2.279459e+00
4.040404e-01 7.724158e-01 2.875317e-01 7.042760e-01 2.279459e+00
4.141414e-01 7.152666e-01 3.680712e-01 6.362177e-01 2.223708e+00
4.242424e-01 7.152666e-01 3.680712e-01 6.362177e-01 2.223708e+00
4.343434e-01 6.584490e-01 4.524755e-01 5.710548e-01 2.168182e+00
4.444444e-01 6.584490e-01 4.524755e-01 5.710548e-01 2.168182e+00
4.545455e-01 6.038117e-01 5.381966e-01 5.108935e-01 2.115285e+00
4.646465e-01 6.038117e-01 5.381966e-01 5.108935e-01 2.115285e+00
4.747475e-01 5.528573e-01 6.224146e-01 4.572797e-01 2.067801e+00
4.848485e-01 5.528573e-01 6.224146e-01 4.572797e-01 2.067801e+00
4.949495e-01 5.067418e-01 7.018490e-01 4.113535e-01 2.029404e+00
5.050505e-01 5.067418e-01 7.018490e-01 4.113535e-01 2.029404e+00
5.151515e-01 4.661608e-01 7.727635e-01 3.739132e-01 2.005280e+00
5.252525e-01 4.661608e-01 7.727635e-01 3.739132e-01 2.005280e+00
5.353535e-01 4.311151e-01 8.314197e-01 3.453431e-01 2.002615e+00
5.454545e-01 4.311151e-01 8.314197e-01 3.453431e-01 2.002615e+00
5.555556e-01 4.006973e-01 8.751223e-01 3.254104e-01 2.030276e+00
5.656566e-01 4.006973e-01 8.751223e-01 3.254104e-01 2.030276e+00
5.757576e-01 3.732530e-01 9.034583e-01 3.130591e-01 2.096829e+00
5.858586e-01 3.732530e-01 9.034583e-01 3.130591e-01 2.096829e+00
5.959596e-01 3.472105e-01 9.187060e-01 3.064397e-01 2.206441e+00
6.060606e-01 3.472105e-01 9.187060e-01 3.064397e-01 2.206441e+00
6.161616e-01 3.222033e-01 9.246357e-01 3.032897e-01 2.353248e+00
6.262626e-01 3.222033e-01 9.246357e-01 3.032897e-01 2.353248e+00
6.363636e-01 2.993101e-01 9.238254e-01 3.012697e-01 2.516367e+00
6.464646e-01 2.993101e-01 9.238254e-01 3.012697e-01 2.516367e+00
6.565657e-01 2.792364e-01 9.122053e-01 2.969664e-01 2.658736e+00
6.666667e-01 2.792364e-01 9.122053e-01 2.969664e-01 2.658736e+00
6.767677e-01 2.575222e-01 8.619083e-01 2.807165e-01 2.725168e+00
6.868687e-01 2.575222e-01 8.619083e-01 2.807165e-01 2.725168e+00
6.969697e-01 2.203555e-01 6.912615e-01 2.316542e-01 2.628188e+00
7.070707e-01 2.203555e-01 6.912615e-01 2.316542e-01 2.628188e+00
7.171717e-01 1.682901e-01 3.573332e-01 1.567514e-01 2.328589e+00
7.272727e-01 1.682901e-01 3.573332e-01 1.567514e-01 2.328589e+00
7.373737e-01 1.351694e-01 8.838366e-02 1.121964e-01 2.075108e+00
7.474747e-01 1.351694e-01 8.838366e-02 1.121964e-01 2.075108e+00
7.575758e-01 1.262641e-01 1.082592e-02 1.014387e-01 2.008463e+00
7.676768e-01 1.262641e-01 1.082592e-02 1.014387e-01 2.008463e+00
7.777778e-01 1.250755e-01 6.401453e-04 1.000847e-01 2.000486e+00
7.878788e-01 1.250755e-01 6.401453e-04 1.000847e-01 2.000486e+00
7.979798e-01 1.250000e-01 0.000000e+00 1.000000e-01 2.000000e+00
8.080808e-01 1.250000e-01 0.000000e+00 1.000000e-01 2.000000e+00
8.181818e-01 1.250000e-01 0.000000e+00 1.000000e-01 2.000000e+00
8.282828e-01 1.250000e-01 0.000000e+00 1.000000e-01 2.000000e+00
8.383838e-01 1.250000e-01 0.000000e+00 1.000000e-01 2.000000e+00
8.484848e-01 1.250000e-01 0.000000e+00 1.000000e-01 2.000000e+00
8.585859e-01 1.250000e-01 0.000000e+00 1.000000e-01 2.000000e+00
8.686869e-01 1.250000e-01 0.000000e+00 1.000000e-01 2.000000e+00
8.787879e-01 1.250000e-01 0.000000e+00 1.000000e-01 2.000000e+00
8.888889e-01 1.250000e-01 0.000000e+00 1.000000e-01 2.000000e+00
8.989899e-01 1.250000e-01 0.000000e+00 1.000000e-01 2.000000e+00
9.090909e-01 1.250000e-01 0.000000e+00 1.000000e-01 2.000000e+00
9.191919e-01 1.250000e-01 0.000000e+00 1.000000e-01 2.000000e+00
9.292929e-01 1.250000e-01 0.000000e+00 1.000000e-01 2.000000e+00
9.393939e-01 1.250000e-01 0.000000e+00 1.000000e-01 2.000000e+00
9.494949e-01 1.250000e-01 0.000000e+00 1.000000e-01 2.000000e+00
9.595960e-01 1.250000e-01 0.000000e+00 1.000000e-01 2.000000e+00
9.696970e-01 1.250000e-01 0.000000e+00 1.000000e-01 2.000000e+00
9.797980e-01 1.250000e-01 0.000000e+00 1.000000e-01 2.000000e+00
9.898990e-01 1.250000e-01 0.000000e+00 1.000000e-01 2.000000e+00
1.000000e+00 1.250000e-01 0.000000e+00 1.000000e-01 2.000000e+00
