0.000000e+00 1.000000e+00 0.000000e+00 1.000000e+00 2.500000e+00
1.010101e-02 1.000000e+00 0.000000e+00 1.000000e+00 2.500000e+00
2.020202e-02 1.000000e+00 0.000000e+00 1.000000e+00 2.500000e+00
3.030303e-02 1.000000e+00 0.000000e+00 1.000000e+00 2.500000e+00
4.040404e-02 1.000000e+00 0.000000e+00 1.000000e+00 2.500000e+00
5.050505e-02 1.000000e+00 0.000000e+00 1.000000e+00 2.500000e+00
6.060606e-02 1.000000e+00 0.000000e+00 1.000000e+00 2.500000e+00
7.070707e-02 9.999996e-01 4.863857e-07 9.999994e-01 2.500000e+00
8.080808e-02 9.999996e-01 4.863857e-07 9.999994e-01 2.500000e+00
9.090909e-02 9.999933e-01 7.960060e-06 9.999906e-01 2.499993e+00
1.010101e-01 9.999933e-01 7.960060e-06 9.999906e-01 2.499993e+00
1.111111e-01 9.999461e-01 6.382647e-05 9.999245e-01 2.499946e+00
1.212121e-01 9.999461e-01 6.382647e-05 9.999245e-01 2.499946e+00
1.313131e-01 9.997174e-01 3.343828e-04 9.996044e-01 2.499718e+00
1.414141e-01 9.997174e-01 3.343828e-04 9.996044e-01 2.499718e+00
1.515152e-01 9.989107e-01 1.288677e-03 9.984761e-01 2.498912e+00
1.616162e-01 9.989107e-01 1.288677e-03 9.984761e-01 2.498912e+00
1.717172e-01 9.966997e-01 3.904982e-03 9.953878e-01 2.496709e+00
1.818182e-01 9.966997e-01 3.904982e-03 9.953878e-01 2.496709e+00
1.919192e-01 9.917824e-01 9.729930e-03 9.885393e-01 2.491825e+00
2.020202e-01 9.917824e-01 9.729930e-03 9.885393e-01 2.491825e+00
2.121212e-01 9.826084e-01 2.063026e-02 9.758261e-01 2.482744e+00
2.222222e-01 9.826084e-01 2.063026e-02 9.758261e-01 2.482744e+00
2.323232e-01 9.678312e-01 3.829904e-02 9.555040e-01 2.468158e+00
2.424242e-01 9.678312e-01 3.829904e-02 9.555040e-01 2.468158e+00
2.525253e-01 9.467348e-01 6.379604e-02 9.267979e-01 2.447354e+00
2.626263e-01 9.467348e-01 6.379604e-02 9.267979e-01 2.447354e+00
2.727273e-01 9.194001e-01 9.736491e-02 8.901070e-01 2.420347e+00
2.828283e-01 9.194001e-01 9.736491e-02 8.901070e-01 2.420347e+00
2.929293e-01 8.865812e-01 1.385438e-01 8.467756e-01 2.387755e+00
3.030303e-01 8.865812e-01 1.385438e-01 8.467756e-01 2.387755e+00
3.131313e-01 8.494318e-01 1.864209e-01 7.986538e-01 2.350553e+00
3.232323e-01 8.494318e-01 1.864209e-01 7.986538e-01 2.350553e+00
3.333333e-01 8.092372e-01 2.398824e-01 7.476872e-01 2.309852e+00
3.434343e-01 8.092372e-01 2.398824e-01 7.476872e-01 2.309852e+00
3.535354e-01 7.672330e-01 2.977781e-01 6.956521e-01 2.266756e+00
3.636364e-01 7.672330e-01 2.977781e-01 6.956521e-01 2.266756e+00
3.737374e-01 7.245166e-01 3.589985e-01 6.440381e-01 2.222303e+00
3.838384e-01 7.245166e-01 3.589985e-01 6.440381e-01 2.222303e+00
3.939394e-01 6.820264e-01 4.224828e-01 5.940324e-01 2.177454e+00
4.040404e-01 6.820264e-01 4.224828e-01 5.940324e-01 2.177454e+00
4.141414e-01 6.405574e-01 4.871857e-01 5.465585e-01 2.133136e+00
4.242424e-01 6.405574e-01 4.871857e-01 5.465585e-01 2.133136e+00
4.343434e-01 6.007911e-01 5.520180e-01 5.023334e-01 2.090300e+00
4.444444e-01 6.007911e-01 5.520180e-01 5.023334e-01 2.090300e+00
4.545455e-01 5.633221e-01 6.157791e-01 4.619251e-01 2.050005e+00
4.646465e-01 5.633221e-01 6.157791e-01 4.619251e-01 2.050005e+00
4.747475e-01 5.286698e-01 6.770950e-01 4.257975e-01 2.013533e+00
4.848485e-01 5.286698e-01 6.770950e-01 4.257975e-01 2.013533e+00
4.949495e-01 4.972612e-01 7.343933e-01 3.943336e-01 1.982527e+00
5.050505e-01 4.972612e-01 7.343933e-01 3.943336e-01 1.982527e+00
5.151515e-01 4.693717e-01 7.859586e-01 3.678281e-01 1.959152e+00
5.252525e-01 4.693717e-01 7.859586e-01 3.678281e-01 1.959152e+00
5.353535e-01 4.450196e-01 8.301200e-01 3.464432e-01 1.946224e+00
5.454545e-01 4.450196e-01 8.301200e-01 3.464432e-01 1.946224e+00
5.555556e-01 4.238387e-01 8.655913e-01 3.301297e-01 1.947261e+00
5.656566e-01 4.238387e-01 8.655913e-01 3.301297e-01 1.947261e+00
5.757576e-01 4.050044e-01 8.918764e-01 3.185457e-01 1.966310e+00
5.858586e-01 4.050044e-01 8.918764e-01 3.185457e-01 1.966310e+00
5.959596e-01 3.873299e-01 9.095346e-01 3.110238e-01 2.007487e+00
6.060606e-01 3.873299e-01 9.095346e-01 3.110238e-01 2.007487e+00
6.161616e-01 3.696079e-01 9.200893e-01 3.066417e-01 2.074101e+00
6.262626e-01 3.696079e-01 9.200893e-01 3.066417e-01 2.074101e+00
6.363636e-01 3.511148e-01 9.255674e-01 3.043923e-01 2.167327e+00
6.464646e-01 3.511148e-01 9.255674e-01 3.043923e-01 2.167327e+00
6.565657e-01 3.320092e-01 9.279071e-01 3.033807e-01 2.284430e+00
6.666667e-01 3.320092e-01 9.279071e-01 3.033807e-01 2.284430e+00
6.767677e-01 3.133404e-01 9.285216e-01 3.029455e-01 2.417064e+00
6.868687e-01 3.133404e-01 9.285216e-01 3.029455e-01 2.417064e+00
6.969697e-01 2.965870e-01 9.280780e-01 3.026358e-01 2.550987e+00
7.070707e-01 2.965870e-01 9.280780e-01 3.026358e-01 2.550987e+00
7.171717e-01 2.828898e-01 9.261196e-01 3.019743e-01 2.668656e+00
7.272727e-01 2.828898e-01 9.261196e-01 3.019743e-01 2.668656e+00
7.373737e-01 2.720820e-01 9.191011e-01 2.996582e-01 2.753382e+00
7.474747e-01 2.720820e-01 9.191011e-01 2.996582e-01 2.753382e+00
7.575758e-01 2.609030e-01 8.922200e-01 2.908702e-01 2.787149e+00
7.676768e-01 2.609030e-01 8.922200e-01 2.908702e-01 2.787149e+00
7.777778e-01 2.397357e-01 7.982526e-01 2.618984e-01 2.731116e+00
7.878788e-01 2.397357e-01 7.982526e-01 2.618984e-01 2.731116e+00
7.979798e-01 1.984061e-01 5.629852e-01 2.001586e-01 2.522082e+00
8.080808e-01 1.984061e-01 5.629852e-01 2.001586e-01 2.522082e+00
8.181818e-01 1.539171e-01 2.443556e-01 1.366036e-01 2.218786e+00
8.282828e-01 1.539171e-01 2.443556e-01 1.366036e-01 2.218786e+00
8.383838e-01 1.318307e-01 5.890770e-02 1.080149e-01 2.048363e+00
8.484848e-01 1.318307e-01 5.890770e-02 1.080149e-01 2.048363e+00
8.585859e-01 1.261139e-01 9.499837e-03 1.012620e-01 2.007353e+00
8.686869e-01 1.261139e-01 9.499837e-03 1.012620e-01 2.007353e+00
8.787879e-01 1.251352e-01 1.146260e-03 1.001517e-01 2.000871e+00
8.888889e-01 1.251352e-01 1.146260e-03 1.001517e-01 2.000871e+00
8.989899e-01 1.250113e-01 9.561080e-05 1.000126e-01 2.000072e+00
9.090909e-01 1.250113e-01 9.561080e-05 1.000126e-01 2.000072e+00
9.191919e-01 1.250005e-01 4.116605e-06 1.000005e-01 2.000003e+00
9.292929e-01 1.250005e-01 4.116605e-06 1.000005e-01 2.000003e+00
9.393939e-01 1.250000e-01 0.000000e+00 1.000000e-01 2.000000e+00
9.494949e-01 1.250000e-01 0.000000e+00 1.000000e-01 2.000000e+00
9.595960e-01 1.250000e-01 0.000000e+00 1.000000e-01 2.000000e+00
9.696970e-01 1.250000e-01 0.000000e+00 1.000000e-01 2.000000e+00
9.797980e-01 1.250000e-01 0.000000e+00 1.000000e-01 2.000000e+00
9.898990e-01 1.250000e-01 0.000000e+00 1.000000e-01 2.000000e+00
1.000000e+00 1.250000e-01 0.000000e+00 1.000000e-01 2.000000e+00
