0.000000e+00 1.000000e+00 0.000000e+00 1.000000e+00 2.500000e+00
1.010101e-02 1.000000e+00 0.000000e+00 1.000000e+00 2.500000e+00
2.020202e-02 1.000000e+00 0.000000e+00 1.000000e+00 2.500000e+00
3.030303e-02 1.000000e+00 0.000000e+00 1.000000e+00 2.500000e+00
4.040404e-02 1.000000e+00 0.000000e+00 1.000000e+00 2.500000e+00
5.050505e-02 1.000000e+00 0.000000e+00 1.000000e+00 2.500000e+00
6.060606e-02 1.000000e+00 0.000000e+00 1.000000e+00 2.500000e+00
7.070707e-02 1.000000e+00 0.000000e+00 1.000000e+00 2.500000e+00
8.080808e-02 1.000000e+00 0.000000e+00 1.000000e+00 2.500000e+00
9.090909e-02 1.000000e+00 0.000000e+00 1.000000e+00 2.500000e+00
1.010101e-01 1.000000e+00 0.000000e+00 1.000000e+00 2.500000e+00
1.111111e-01 9.999985e-01 1.814182e-06 9.999979e-01 2.499998e+00
1.212121e-01 9.999985e-01 1.814182e-06 9.999979e-01 2.499998e+00
1.313131e-01 9.999773e-01 2.686300e-05 9.999682e-01 2.499977e+00
1.414141e-01 9.999773e-01 2.686300e-05 9.999682e-01 2.499977e+00
1.515152e-01 9.998355e-01 1.945733e-04 9.997698e-01 2.499836e+00
1.616162e-01 9.998355e-01 1.945733e-04 9.997698e-01 2.499836e+00
1.717172e-01 9.992225e-01 9.197623e-04 9.989122e-01 2.499223e+00
1.818182e-01 9.992225e-01 9.197623e-04 9.989122e-01 2.499223e+00
1.919192e-01 9.972965e-01 3.198296e-03 9.962212e-01 2.497304e+00
2.020202e-01 9.972965e-01 3.198296e-03 9.962212e-01 2.497304e+00
2.121212e-01 9.925969e-01 8.762204e-03 9.896741e-01 2.492638e+00
2.222222e-01 9.925969e-01 8.762204e-03 9.896741e-01 2.492638e+00
2.323232e-01 9.832709e-01 1.983362e-02 9.767494e-01 2.483419e+00
2.424242e-01 9.832709e-01 1.983362e-02 9.767494e-01 2.483419e+00
2.525253e-01 9.676487e-01 3.849507e-02 9.552768e-01 2.468036e+00
2.626263e-01 9.676487e-01 3.849507e-02 9.552768e-01 2.468036e+00
2.727273e-01 9.448309e-01 6.605811e-02 9.242771e-01 2.445615e+00
2.828283e-01 9.448309e-01 6.605811e-02 9.242771e-01 2.445615e+00
2.929293e-01 9.149274e-01 1.028038e-01 8.842605e-01 2.416204e+00
3.030303e-01 9.149274e-01 1.028038e-01 8.842605e-01 2.416204e+00
3.131313e-01 8.788904e-01 1.481317e-01 8.369150e-01 2.380601e+00
3.232323e-01 8.788904e-01 1.481317e-01 8.369150e-01 2.380601e+00
3.333333e-01 8.381478e-01 2.009016e-01 7.845166e-01 2.340031e+00
3.434343e-01 8.381478e-01 2.009016e-01 7.845166e-01 2.340031e+00
3.535354e-01 7.942570e-01 2.597499e-01 7.294005e-01 2.295858e+00
3.636364e-01 7.942570e-01 2.597499e-01 7.294005e-01 2.295858e+00
3.737374e-01 7.486856e-01 3.232862e-01 6.736442e-01 2.249423e+00
3.838384e-01 7.486856e-01 3.232862e-01 6.736442e-01 2.249423e+00
3.939394e-01 7.027167e-01 3.901688e-01 6.189465e-01 2.201977e+00
4.040404e-01 7.027167e-01 3.901688e-01 6.189465e-01 2.201977e+00
4.141414e-01 6.574369e-01 4.590939e-01 5.666332e-01 2.154706e+00
4.242424e-01 6.574369e-01 4.590939e-01 5.666332e-01 2.154706e+00
4.343434e-01 6.137636e-01 5.287327e-01 5.177204e-01 2.108794e+00
4.444444e-01 6.137636e-01 5.287327e-01 5.177204e-01 2.108794e+00
4.545455e-01 5.724815e-01 5.976430e-01 4.729930e-01 2.065538e+00
4.646465e-01 5.724815e-01 5.976430e-01 4.729930e-01 2.065538e+00
4.747475e-01 5.342615e-01 6.641818e-01 4.330721e-01 2.026499e+00
4.848485e-01 5.342615e-01 6.641818e-01 4.330721e-01 2.026499e+00
4.949495e-01 4.996450e-01 7.264566e-01 3.984566e-01 1.993699e+00
5.050505e-01 4.996450e-01 7.264566e-01 3.984566e-01 1.993699e+00
5.151515e-01 4.689725e-01 7.823804e-01 3.695222e-01 1.969850e+00
5.252525e-01 4.689725e-01 7.823804e-01 3.695222e-01 1.969850e+00
5.353535e-01 4.422518e-01 8.299081e-01 3.464689e-01 1.958550e+00
5.454545e-01 4.422518e-01 8.299081e-01 3.464689e-01 1.958550e+00
5.555556e-01 4.190058e-01 8.674864e-01 3.292213e-01 1.964300e+00
5.656566e-01 4.190058e-01 8.674864e-01 3.292213e-01 1.964300e+00
5.757576e-01 3.982145e-01 8.945937e-01 3.173247e-01 1.992172e+00
5.858586e-01 3.982145e-01 8.945937e-01 3.173247e-01 1.992172e+00
5.959596e-01 3.785128e-01 9.120596e-01 3.099153e-01 2.046928e+00
6.060606e-01 3.785128e-01 9.120596e-01 3.099153e-01 2.046928e+00
6.161616e-01 3.587052e-01 9.218673e-01 3.058356e-01 2.131524e+00
6.262626e-01 3.587052e-01 9.218673e-01 3.058356e-01 2.131524e+00
6.363636e-01 3.383922e-01 9.264714e-01 3.038758e-01 2.244997e+00
6.464646e-01 3.383922e-01 9.264714e-01 3.038758e-01 2.244997e+00
6.565657e-01 3.182790e-01 9.280067e-01 3.030150e-01 2.380105e+00
6.666667e-01 3.182790e-01 9.280067e-01 3.030150e-01 2.380105e+00
6.767677e-01 2.998514e-01 9.276925e-01 3.024949e-01 2.522040e+00
6.868687e-01 2.998514e-01 9.276925e-01 3.024949e-01 2.522040e+00
6.969697e-01 2.844521e-01 9.250880e-01 3.015486e-01 2.650258e+00
7.070707e-01 2.844521e-01 9.250880e-01 3.015486e-01 2.650258e+00
7.171717e-01 2.718571e-01 9.151281e-01 2.982427e-01 2.742642e+00
7.272727e-01 2.718571e-01 9.151281e-01 2.982427e-01 2.742642e+00
7.373737e-01 2.576417e-01 8.764085e-01 2.856980e-01 2.772242e+00
7.474747e-01 2.576417e-01 8.764085e-01 2.856980e-01 2.772242e+00
7.575758e-01 2.300112e-01 7.469361e-01 2.470920e-01 2.685653e+00
7.676768e-01 2.300112e-01 7.469361e-01 2.470920e-01 2.685653e+00
7.777778e-01 1.833524e-01 4.638716e-01 1.781417e-01 2.428953e+00
7.878788e-01 1.833524e-01 4.638716e-01 1.781417e-01 2.428953e+00
7.979798e-01 1.438902e-01 1.622999e-01 1.232801e-01 2.141913e+00
8.080808e-01 1.438902e-01 1.622999e-01 1.232801e-01 2.141913e+00
8.181818e-01 1.286814e-01 3.166305e-02 1.042502e-01 2.025355e+00
8.282828e-01 1.286814e-01 3.166305e-02 1.042502e-01 2.025355e+00
8.383838e-01 1.254916e-01 4.181181e-03 1.005541e-01 2.003204e+00
8.484848e-01 1.254916e-01 4.181181e-03 1.005541e-01 2.003204e+00
8.585859e-01 1.250444e-01 3.758668e-04 1.000497e-01 2.000285e+00
8.686869e-01 1.250444e-01 3.758668e-04 1.000497e-01 2.000285e+00
8.787879e-01 1.250021e-01 1.750312e-05 1.000023e-01 2.000013e+00
8.888889e-01 1.250021e-01 1.750312e-05 1.000023e-01 2.000013e+00
8.989899e-01 1.250000e-01 0.000000e+00 1.000000e-01 2.000000e+00
9.090909e-01 1.250000e-01 0.000000e+00 1.000000e-01 2.000000e+00
9.191919e-01 1.250000e-01 0.000000e+00 1.000000e-01 2.000000e+00
9.292929e-01 1.250000e-01 0.000000e+00 1.000000e-01 2.000000e+00
9.393939e-01 1.250000e-01 0.000000e+00 1.000000e-01 2.000000e+00
9.494949e-01 1.250000e-01 0.000000e+00 1.000000e-01 2.000000e+00
9.595960e-01 1.250000e-01 0.000000e+00 1.000000e-01 2.000000e+00
9.696970e-01 1.250000e-01 0.000000e+00 1.000000e-01 2.000000e+00
9.797980e-01 1.250000e-01 0.000000e+00 1.000000e-01 2.000000e+00
9.898990e-01 1.250000e-01 0.000000e+00 1.000000e-01 2.000000e+00
1.000000e+00 1.250000e-01 0.000000e+00 1.000000e-01 2.000000e+00
