0.000000e+00 1.000000e+00 0.000000e+00 1.000000e+00 2.500000e+00
1.010101e-02 1.000000e+00 0.000000e+00 1.000000e+00 2.500000e+00
2.020202e-02 1.000000e+00 0.000000e+00 1.000000e+00 2.500000e+00
3.030303e-02 1.000000e+00 0.000000e+00 1.000000e+00 2.500000e+00
4.040404e-02 1.000000e+00 0.000000e+00 1.000000e+00 2.500000e+00
5.050505e-02 1.000000e+00 0.000000e+00 1.000000e+00 2.500000e+00
6.060606e-02 1.000000e+00 0.000000e+00 1.000000e+00 2.500000e+00
7.070707e-02 1.000000e+00 0.000000e+00 1.000000e+00 2.500000e+00
8.080808e-02 1.000000e+00 0.000000e+00 1.000000e+00 2.500000e+00
9.090909e-02 1.000000e+00 0.000000e+00 1.000000e+00 2.500000e+00
1.010101e-01 1.000000e+00 0.000000e+00 1.000000e+00 2.500000e+00
1.111111e-01 1.000000e+00 0.000000e+00 1.000000e+00 2.500000e+00
1.212121e-01 1.000000e+00 0.000000e+00 1.000000e+00 2.500000e+00
1.313131e-01 1.000000e+00 0.000000e+00 1.000000e+00 2.500000e+00
1.414141e-01 1.000000e+00 0.000000e+00 1.000000e+00 2.500000e+00
1.515152e-01 1.000000e+00 0.000000e+00 1.000000e+00 2.500000e+00
1.616162e-01 1.000000e+00 0.000000e+00 1.000000e+00 2.500000e+00
1.717172e-01 9.999890e-01 1.296759e-05 9.999847e-01 2.499989e+00
1.818182e-01 9.999890e-01 1.296759e-05 9.999847e-01 2.499989e+00
1.919192e-01 9.998632e-01 1.618586e-04 9.998085e-01 2.499863e+00
2.020202e-01 9.998632e-01 1.618586e-04 9.998085e-01 2.499863e+00
2.121212e-01 9.991665e-01 9.859039e-04 9.988340e-01 2.499168e+00
2.222222e-01 9.991665e-01 9.859039e-04 9.988340e-01 2.499168e+00
2.323232e-01 9.966874e-01 3.917848e-03 9.953724e-01 2.496702e+00
2.424242e-01 9.966874e-01 3.917848e-03 9.953724e-01 2.496702e+00
2.525253e-01 9.902869e-01 1.149379e-02 9.864716e-01 2.490368e+00
2.626263e-01 9.902869e-01 1.149379e-02 9.864716e-01 2.490368e+00
2.727273e-01 9.773973e-01 2.680568e-02 9.686773e-01 2.477696e+00
2.828283e-01 9.773973e-01 2.680568e-02 9.686773e-01 2.477696e+00
2.929293e-01 9.560362e-01 5.239763e-02 9.395227e-01 2.456818e+00
3.030303e-01 9.560362e-01 5.239763e-02 9.395227e-01 2.456818e+00
3.131313e-01 9.256012e-01 8.942010e-02 8.986357e-01 2.427168e+00
3.232323e-01 9.256012e-01 8.942010e-02 8.986357e-01 2.427168e+00
3.333333e-01 8.869364e-01 1.375405e-01 8.477272e-01 2.389481e+00
3.434343e-01 8.869364e-01 1.375405e-01 8.477272e-01 2.389481e+00
3.535354e-01 8.418367e-01 1.954023e-01 7.897542e-01 2.345331e+00
3.636364e-01 8.418367e-01 1.954023e-01 7.897542e-01 2.345331e+00
3.737374e-01 7.924458e-01 2.611748e-01 7.279777e-01 2.296617e+00
3.838384e-01 7.924458e-01 2.611748e-01 7.279777e-01 2.296617e+00
3.939394e-01 7.408380e-01 3.329194e-01 6.653465e-01 2.245250e+00
4.040404e-01 7.408380e-01 3.329194e-01 6.653465e-01 2.245250e+00
4.141414e-01 6.888302e-01 4.087340e-01 6.042519e-01 2.193037e+00
4.242424e-01 6.888302e-01 4.087340e-01 6.042519e-01 2.193037e+00
4.343434e-01 6.379487e-01 4.867332e-01 5.465236e-01 2.141723e+00
4.444444e-01 6.379487e-01 4.867332e-01 5.465236e-01 2.141723e+00
4.545455e-01 5.894644e-01 5.649340e-01 4.935330e-01 2.093142e+00
4.646465e-01 5.894644e-01 5.649340e-01 4.935330e-01 2.093142e+00
4.747475e-01 5.444305e-01 6.411078e-01 4.463163e-01 2.049464e+00
4.848485e-01 5.444305e-01 6.411078e-01 4.463163e-01 2.049464e+00
4.949495e-01 5.036728e-01 7.126678e-01 4.056655e-01 2.013536e+00
5.050505e-01 5.036728e-01 7.126678e-01 4.056655e-01 2.013536e+00
5.151515e-01 4.676949e-01 7.767090e-01 3.721538e-01 1.989298e+00
5.252525e-01 4.676949e-01 7.767090e-01 3.721538e-01 1.989298e+00
5.353535e-01 4.364924e-01 8.303520e-01 3.460698e-01 1.982107e+00
5.454545e-01 4.364924e-01 8.303520e-01 3.460698e-01 1.982107e+00
5.555556e-01 4.093610e-01 8.714689e-01 3.272680e-01 1.998652e+00
5.656566e-01 4.093610e-01 8.714689e-01 3.272680e-01 1.998652e+00
5.757576e-01 3.849192e-01 8.995521e-01 3.150148e-01 2.045980e+00
5.858586e-01 3.849192e-01 8.995521e-01 3.150148e-01 2.045980e+00
5.959596e-01 3.615969e-01 9.161183e-01 3.079796e-01 2.129302e+00
6.060606e-01 3.615969e-01 9.161183e-01 3.079796e-01 2.129302e+00
6.161616e-01 3.385138e-01 9.241443e-01 3.044789e-01 2.248645e+00
6.262626e-01 3.385138e-01 9.241443e-01 3.044789e-01 2.248645e+00
6.363636e-01 3.161360e-01 9.267237e-01 3.028624e-01 2.395032e+00
6.464646e-01 3.161360e-01 9.267237e-01 3.028624e-01 2.395032e+00
6.565657e-01 2.959550e-01 9.254075e-01 3.016554e-01 2.548152e+00
6.666667e-01 2.959550e-01 9.254075e-01 3.016554e-01 2.548152e+00
6.767677e-01 2.788528e-01 9.170725e-01 2.987107e-01 2.678032e+00
6.868687e-01 2.788528e-01 9.170725e-01 2.987107e-01 2.678032e+00
6.969697e-01 2.617401e-01 8.826850e-01 2.874855e-01 2.745905e+00
7.070707e-01 2.617401e-01 8.826850e-01 2.874855e-01 2.745905e+00
7.171717e-01 2.330050e-01 7.598983e-01 2.505546e-01 2.688296e+00
7.272727e-01 2.330050e-01 7.598983e-01 2.505546e-01 2.688296e+00
7.373737e-01 1.847469e-01 4.739679e-01 1.802101e-01 2.438608e+00
7.474747e-01 1.847469e-01 4.739679e-01 1.802101e-01 2.438608e+00
7.575758e-01 1.434980e-01 1.594779e-01 1.228324e-01 2.139966e+00
7.676768e-01 1.434980e-01 1.594779e-01 1.228324e-01 2.139966e+00
7.777778e-01 1.282016e-01 2.756587e-02 1.036923e-01 2.022056e+00
7.878788e-01 1.282016e-01 2.756587e-02 1.036923e-01 2.022056e+00
7.979798e-01 1.253370e-01 2.865327e-03 1.003795e-01 2.002192e+00
8.080808e-01 1.253370e-01 2.865327e-03 1.003795e-01 2.002192e+00
8.181818e-01 1.250180e-01 1.523335e-04 1.000202e-01 2.000115e+00
8.282828e-01 1.250180e-01 1.523335e-04 1.000202e-01 2.000115e+00
8.383838e-01 1.250000e-01 0.000000e+00 1.000000e-01 2.000000e+00
8.484848e-01 1.250000e-01 0.000000e+00 1.000000e-01 2.000000e+00
8.585859e-01 1.250000e-01 0.000000e+00 1.000000e-01 2.000000e+00
8.686869e-01 1.250000e-01 0.000000e+00 1.000000e-01 2.000000e+00
8.787879e-01 1.250000e-01 0.000000e+00 1.000000e-01 2.000000e+00
8.888889e-01 1.250000e-01 0.000000e+00 1.000000e-01 2.000000e+00
8.989899e-01 1.250000e-01 0.000000e+00 1.000000e-01 2.000000e+00
9.090909e-01 1.250000e-01 0.000000e+00 1.000000e-01 2.000000e+00
9.191919e-01 1.250000e-01 0.000000e+00 1.000000e-01 2.000000e+00
9.292929e-01 1.250000e-01 0.000000e+00 1.000000e-01 2.000000e+00
9.393939e-01 1.250000e-01 0.000000e+00 1.000000e-01 2.000000e+00
9.494949e-01 1.250000e-01 0.000000e+00 1.000000e-01 2.000000e+00
9.595960e-01 1.250000e-01 0.000000e+00 1.000000e-01 2.000000e+00
9.696970e-01 1.250000e-01 0.000000e+00 1.000000e-01 2.000000e+00
9.797980e-01 1.250000e-01 0.000000e+00 1.000000e-01 2.000000e+00
9.898990e-01 1.250000e-01 0.000000e+00 1.000000e-01 2.000000e+00
1.000000e+00 1.250000e-01 0.000000e+00 1.000000e-01 2.000000e+00
